# Written by the BoltzWann module of the Wannier90 code.
# The first column.
# The second column is the DOS for a fixed smearing of   0.300000E-01 eV.
# Cell volume (ang^3):     40.3295    
# Energy(eV) DOS [DOS DOS ...]
   -12.59788784       0.000000000    
   -12.58788784       0.000000000    
   -12.57788784       0.000000000    
   -12.56788784       0.000000000    
   -12.55788784       0.000000000    
   -12.54788784       0.000000000    
   -12.53788784       0.000000000    
   -12.52788784       0.000000000    
   -12.51788784       0.000000000    
   -12.50788784       0.000000000    
   -12.49788784       0.000000000    
   -12.48788784       0.000000000    
   -12.47788784       0.000000000    
   -12.46788784       0.000000000    
   -12.45788784       0.000000000    
   -12.44788784       0.000000000    
   -12.43788784       0.000000000    
   -12.42788784       0.000000000    
   -12.41788784       0.000000000    
   -12.40788784       0.000000000    
   -12.39788784       0.000000000    
   -12.38788784       0.000000000    
   -12.37788784       0.000000000    
   -12.36788784       0.000000000    
   -12.35788784       0.000000000    
   -12.34788784       0.000000000    
   -12.33788784       0.000000000    
   -12.32788784       0.000000000    
   -12.31788784       0.000000000    
   -12.30788784       0.000000000    
   -12.29788784       0.000000000    
   -12.28788784       0.000000000    
   -12.27788784       0.000000000    
   -12.26788784       0.000000000    
   -12.25788784       0.000000000    
   -12.24788784       0.000000000    
   -12.23788784       0.000000000    
   -12.22788784      0.2819141896E-45
   -12.21788784      0.1902468248E-42
   -12.20788784      0.1024470540E-39
   -12.19788784      0.4423574703E-37
   -12.18788784      0.1531766122E-34
   -12.17788784      0.4254165324E-32
   -12.16788784      0.9477724831E-30
   -12.15788784      0.1694085636E-27
   -12.14788784      0.2429920499E-25
   -12.13788784      0.2797500521E-23
   -12.12788784      0.2585711040E-21
   -12.11788784      0.1919326834E-19
   -12.10788784      0.1144524428E-17
   -12.09788784      0.5485060772E-16
   -12.08788784      0.2113594594E-14
   -12.07788784      0.6552199342E-13
   -12.06788784      0.1635181102E-11
   -12.05788784      0.3287797509E-10
   -12.04788784      0.5331220376E-09
   -12.03788784      0.6979889130E-08
   -12.02788784      0.7389467017E-07
   -12.01788784      0.6337609115E-06
   -12.00788784      0.4413717178E-05
   -11.99788784      0.2503521806E-04
   -11.98788784      0.1161017044E-03
   -11.97788784      0.4424090940E-03
   -11.96788784      0.1394093651E-02
   -11.95788784      0.3662867592E-02
   -11.94788784      0.8109257138E-02
   -11.93788784      0.1533040795E-01
   -11.92788784      0.2516344464E-01
   -11.91788784      0.3659909438E-01
   -11.90788784      0.4829667141E-01
   -11.89788784      0.5927084680E-01
   -11.88788784      0.6913650280E-01
   -11.87788784      0.7786464512E-01
   -11.86788784      0.8556450806E-01
   -11.85788784      0.9252593855E-01
   -11.84788784      0.9914093922E-01
   -11.83788784      0.1055508881    
   -11.82788784      0.1115645879    
   -11.81788784      0.1170900387    
   -11.80788784      0.1223790054    
   -11.79788784      0.1276102602    
   -11.78788784      0.1324979232    
   -11.77788784      0.1366726305    
   -11.76788784      0.1403773922    
   -11.75788784      0.1444560288    
   -11.74788784      0.1495092317    
   -11.73788784      0.1551426176    
   -11.72788784      0.1600932320    
   -11.71788784      0.1631125507    
   -11.70788784      0.1640168233    
   -11.69788784      0.1643023211    
   -11.68788784      0.1665852306    
   -11.67788784      0.1726257613    
   -11.66788784      0.1813892486    
   -11.65788784      0.1893431443    
   -11.64788784      0.1931011391    
   -11.63788784      0.1919494327    
   -11.62788784      0.1881659721    
   -11.61788784      0.1855212465    
   -11.60788784      0.1874131929    
   -11.59788784      0.1951873830    
   -11.58788784      0.2069493396    
   -11.57788784      0.2180804232    
   -11.56788784      0.2240014673    
   -11.55788784      0.2232465678    
   -11.54788784      0.2181978498    
   -11.53788784      0.2131117775    
   -11.52788784      0.2114041022    
   -11.51788784      0.2142887853    
   -11.50788784      0.2212222326    
   -11.49788784      0.2309291236    
   -11.48788784      0.2417482651    
   -11.47788784      0.2513854420    
   -11.46788784      0.2570288537    
   -11.45788784      0.2564788433    
   -11.44788784      0.2499796348    
   -11.43788784      0.2412332670    
   -11.42788784      0.2359233455    
   -11.41788784      0.2381745364    
   -11.40788784      0.2478179037    
   -11.39788784      0.2608941586    
   -11.38788784      0.2727222311    
   -11.37788784      0.2806430740    
   -11.36788784      0.2844345006    
   -11.35788784      0.2849166840    
   -11.34788784      0.2826802525    
   -11.33788784      0.2781568789    
   -11.32788784      0.2725509078    
   -11.31788784      0.2682552942    
   -11.30788784      0.2679823706    
   -11.29788784      0.2731414554    
   -11.28788784      0.2828333933    
   -11.27788784      0.2944518613    
   -11.26788784      0.3053252069    
   -11.25788784      0.3137184400    
   -11.24788784      0.3185518698    
   -11.23788784      0.3190646090    
   -11.22788784      0.3153726934    
   -11.21788784      0.3088766881    
   -11.20788784      0.3013998738    
   -11.19788784      0.2942698621    
   -11.18788784      0.2891262202    
   -11.17788784      0.2893051130    
   -11.16788784      0.2986835870    
   -11.15788784      0.3176957358    
   -11.14788784      0.3405806891    
   -11.13788784      0.3577709512    
   -11.12788784      0.3622089087    
   -11.11788784      0.3540502753    
   -11.10788784      0.3396997889    
   -11.09788784      0.3266914862    
   -11.08788784      0.3192455393    
   -11.07788784      0.3174829451    
   -11.06788784      0.3195343133    
   -11.05788784      0.3239756022    
   -11.04788784      0.3306390470    
   -11.03788784      0.3397498276    
   -11.02788784      0.3509020528    
   -11.01788784      0.3629388734    
   -11.00788784      0.3741331749    
   -10.99788784      0.3820438410    
   -10.98788784      0.3839944736    
   -10.97788784      0.3787981503    
   -10.96788784      0.3679930323    
   -10.95788784      0.3549353126    
   -10.94788784      0.3431415466    
   -10.93788784      0.3359536235    
   -10.92788784      0.3366669124    
   -10.91788784      0.3471001960    
   -10.90788784      0.3652543136    
   -10.89788784      0.3848466256    
   -10.88788784      0.3982735492    
   -10.87788784      0.4015809138    
   -10.86788784      0.3976695683    
   -10.85788784      0.3942770511    
   -10.84788784      0.3973900312    
   -10.83788784      0.4056382575    
   -10.82788784      0.4111651052    
   -10.81788784      0.4064348183    
   -10.80788784      0.3906859906    
   -10.79788784      0.3705182868    
   -10.78788784      0.3551683424    
   -10.77788784      0.3515195300    
   -10.76788784      0.3622442040    
   -10.75788784      0.3858028584    
   -10.74788784      0.4162035278    
   -10.73788784      0.4438467974    
   -10.72788784      0.4595512018    
   -10.71788784      0.4597581753    
   -10.70788784      0.4483363351    
   -10.69788784      0.4333900617    
   -10.68788784      0.4218750425    
   -10.67788784      0.4158792727    
   -10.66788784      0.4127775445    
   -10.65788784      0.4090378707    
   -10.64788784      0.4045083501    
   -10.63788784      0.4028622380    
   -10.62788784      0.4075215795    
   -10.61788784      0.4176198797    
   -10.60788784      0.4287072858    
   -10.59788784      0.4374573503    
   -10.58788784      0.4450630688    
   -10.57788784      0.4554758778    
   -10.56788784      0.4703196306    
   -10.55788784      0.4857864177    
   -10.54788784      0.4945999241    
   -10.53788784      0.4913706767    
   -10.52788784      0.4771113794    
   -10.51788784      0.4593231541    
   -10.50788784      0.4470032564    
   -10.49788784      0.4441823064    
   -10.48788784      0.4476993146    
   -10.47788784      0.4512456923    
   -10.46788784      0.4513472759    
   -10.45788784      0.4494296845    
   -10.44788784      0.4491503177    
   -10.43788784      0.4532933102    
   -10.42788784      0.4634429737    
   -10.41788784      0.4805914715    
   -10.40788784      0.5037902183    
   -10.39788784      0.5284234466    
   -10.38788784      0.5476245679    
   -10.37788784      0.5560598877    
   -10.36788784      0.5521226747    
   -10.35788784      0.5374601803    
   -10.34788784      0.5160167003    
   -10.33788784      0.4934606237    
   -10.32788784      0.4757296089    
   -10.31788784      0.4665100226    
   -10.30788784      0.4655021774    
   -10.29788784      0.4693185080    
   -10.28788784      0.4750182712    
   -10.27788784      0.4835475186    
   -10.26788784      0.4991247317    
   -10.25788784      0.5241331026    
   -10.24788784      0.5545854664    
   -10.23788784      0.5813161375    
   -10.22788784      0.5960444859    
   -10.21788784      0.5967548634    
   -10.20788784      0.5881909598    
   -10.19788784      0.5778029867    
   -10.18788784      0.5704375106    
   -10.17788784      0.5652863225    
   -10.16788784      0.5572454822    
   -10.15788784      0.5420600073    
   -10.14788784      0.5213121842    
   -10.13788784      0.5027317874    
   -10.12788784      0.4951347353    
   -10.11788784      0.5023755850    
   -10.10788784      0.5218286417    
   -10.09788784      0.5481513637    
   -10.08788784      0.5772951162    
   -10.07788784      0.6063255532    
   -10.06788784      0.6308935179    
   -10.05788784      0.6451825665    
   -10.04788784      0.6453222782    
   -10.03788784      0.6329956061    
   -10.02788784      0.6159906024    
   -10.01788784      0.6045249307    
   -10.00788784      0.6045933588    
   -9.997887843      0.6128855882    
   -9.987887843      0.6187216880    
   -9.977887843      0.6128211861    
   -9.967887843      0.5952115171    
   -9.957887843      0.5749259716    
   -9.947887843      0.5625858049    
   -9.937887843      0.5633408254    
   -9.927887843      0.5757780335    
   -9.917887843      0.5959750980    
   -9.907887843      0.6211969275    
   -9.897887843      0.6490121564    
   -9.887887843      0.6743034678    
   -9.877887843      0.6903774529    
   -9.867887843      0.6945488781    
   -9.857887843      0.6912622104    
   -9.847887843      0.6884885049    
   -9.837887843      0.6914193390    
   -9.827887843      0.6993105214    
   -9.817887843      0.7065627176    
   -9.807887843      0.7061582589    
   -9.797887843      0.6940454443    
   -9.787887843      0.6725546304    
   -9.777887843      0.6497198358    
   -9.767887843      0.6340181323    
   -9.757887843      0.6293884965    
   -9.747887843      0.6356475356    
   -9.737887843      0.6525860500    
   -9.727887843      0.6813676207    
   -9.717887843      0.7210560610    
   -9.707887843      0.7650768443    
   -9.697887843      0.8031132592    
   -9.687887843      0.8276853714    
   -9.677887843      0.8388110634    
   -9.667887843      0.8422459517    
   -9.657887843      0.8443072469    
   -9.647887843      0.8486499402    
   -9.637887843      0.8556944388    
   -9.627887843      0.8627162142    
   -9.617887843      0.8647036714    
   -9.607887843      0.8567869356    
   -9.597887843      0.8370705686    
   -9.587887843      0.8084033540    
   -9.577887843      0.7789183080    
   -9.567887843      0.7608878020    
   -9.557887843      0.7665368608    
   -9.547887843      0.8014347801    
   -9.537887843      0.8598555081    
   -9.527887843      0.9263213855    
   -9.517887843      0.9822276367    
   -9.507887843       1.012818723    
   -9.497887843       1.011714164    
   -9.487887843      0.9825543407    
   -9.477887843      0.9369832749    
   -9.467887843      0.8889695998    
   -9.457887843      0.8483596873    
   -9.447887843      0.8174177836    
   -9.437887843      0.7920257702    
   -9.427887843      0.7667288465    
   -9.417887843      0.7407394511    
   -9.407887843      0.7207881990    
   -9.397887843      0.7182853029    
   -9.387887843      0.7423337363    
   -9.377887843      0.7930134037    
   -9.367887843      0.8589125194    
   -9.357887843      0.9205427391    
   -9.347887843      0.9584417485    
   -9.337887843      0.9618400746    
   -9.327887843      0.9326853601    
   -9.317887843      0.8829012360    
   -9.307887843      0.8279617603    
   -9.297887843      0.7814397197    
   -9.287887843      0.7518399200    
   -9.277887843      0.7405945111    
   -9.267887843      0.7418840486    
   -9.257887843      0.7461143304    
   -9.247887843      0.7457695631    
   -9.237887843      0.7392986838    
   -9.227887843      0.7304134443    
   -9.217887843      0.7246903690    
   -9.207887843      0.7272852408    
   -9.197887843      0.7426309952    
   -9.187887843      0.7730092757    
   -9.177887843      0.8140424843    
   -9.167887843      0.8513111730    
   -9.157887843      0.8649560737    
   -9.147887843      0.8421898552    
   -9.137887843      0.7878398465    
   -9.127887843      0.7232033643    
   -9.117887843      0.6743632875    
   -9.107887843      0.6589802346    
   -9.097887843      0.6782456355    
   -9.087887843      0.7164381216    
   -9.077887843      0.7491699291    
   -9.067887843      0.7570815580    
   -9.057887843      0.7359780780    
   -9.047887843      0.6969004036    
   -9.037887843      0.6585658773    
   -9.027887843      0.6385723770    
   -9.017887843      0.6467075207    
   -9.007887843      0.6810573786    
   -8.997887843      0.7282022344    
   -8.987887843      0.7686277172    
   -8.977887843      0.7854691791    
   -8.967887843      0.7719791512    
   -8.957887843      0.7338429073    
   -8.947887843      0.6857216310    
   -8.937887843      0.6442658398    
   -8.927887843      0.6209788118    
   -8.917887843      0.6180197265    
   -8.907887843      0.6288386268    
   -8.897887843      0.6435616948    
   -8.887887843      0.6560543002    
   -8.877887843      0.6668986807    
   -8.867887843      0.6786658518    
   -8.857887843      0.6882979899    
   -8.847887843      0.6867718592    
   -8.837887843      0.6685584590    
   -8.827887843      0.6402949008    
   -8.817887843      0.6171902889    
   -8.807887843      0.6095418020    
   -8.797887843      0.6136197379    
   -8.787887843      0.6166996377    
   -8.777887843      0.6106313969    
   -8.767887843      0.5998656319    
   -8.757887843      0.5966319645    
   -8.747887843      0.6089286583    
   -8.737887843      0.6328072121    
   -8.727887843      0.6550966756    
   -8.717887843      0.6627255934    
   -8.707887843      0.6500729055    
   -8.697887843      0.6199268062    
   -8.687887843      0.5803123067    
   -8.677887843      0.5410767110    
   -8.667887843      0.5115218006    
   -8.657887843      0.4987970023    
   -8.647887843      0.5067907947    
   -8.637887843      0.5347040633    
   -8.627887843      0.5749177948    
   -8.617887843      0.6127757514    
   -8.607887843      0.6320232771    
   -8.597887843      0.6244609981    
   -8.587887843      0.5957835293    
   -8.577887843      0.5610497319    
   -8.567887843      0.5332632474    
   -8.557887843      0.5158156735    
   -8.547887843      0.5048024486    
   -8.537887843      0.4962920243    
   -8.527887843      0.4900047254    
   -8.517887843      0.4873647238    
   -8.507887843      0.4886719982    
   -8.497887843      0.4935392056    
   -8.487887843      0.5033019776    
   -8.477887843      0.5208512300    
   -8.467887843      0.5460558630    
   -8.457887843      0.5709963101    
   -8.447887843      0.5814947931    
   -8.437887843      0.5659794135    
   -8.427887843      0.5247430390    
   -8.417887843      0.4711350307    
   -8.407887843      0.4232864377    
   -8.397887843      0.3936682043    
   -8.387887843      0.3850765506    
   -8.377887843      0.3938412010    
   -8.367887843      0.4138775543    
   -8.357887843      0.4379997393    
   -8.347887843      0.4594994063    
   -8.337887843      0.4756987368    
   -8.327887843      0.4892729185    
   -8.317887843      0.5040214441    
   -8.307887843      0.5188187642    
   -8.297887843      0.5261678079    
   -8.287887843      0.5167527528    
   -8.277887843      0.4859462605    
   -8.267887843      0.4378672701    
   -8.257887843      0.3846566952    
   -8.247887843      0.3407205045    
   -8.237887843      0.3151371602    
   -8.227887843      0.3079218936    
   -8.217887843      0.3128900716    
   -8.207887843      0.3239197472    
   -8.197887843      0.3391188932    
   -8.187887843      0.3603154301    
   -8.177887843      0.3893930686    
   -8.167887843      0.4246102398    
   -8.157887843      0.4592326110    
   -8.147887843      0.4832394394    
   -8.137887843      0.4871671588    
   -8.127887843      0.4662101570    
   -8.117887843      0.4230095827    
   -8.107887843      0.3675788678    
   -8.097887843      0.3130533960    
   -8.087887843      0.2691980868    
   -8.077887843      0.2389977614    
   -8.067887843      0.2209557668    
   -8.057887843      0.2134086426    
   -8.047887843      0.2160843246    
   -8.037887843      0.2290050480    
   -8.027887843      0.2516590451    
   -8.017887843      0.2830112595    
   -8.007887843      0.3207043578    
   -7.997887843      0.3592453345    
   -7.987887843      0.3892697230    
   -7.977887843      0.3999211585    
   -7.967887843      0.3840153066    
   -7.957887843      0.3427764141    
   -7.947887843      0.2861850518    
   -7.937887843      0.2280646995    
   -7.927887843      0.1795300873    
   -7.917887843      0.1454722136    
   -7.907887843      0.1254337602    
   -7.897887843      0.1167005119    
   -7.887887843      0.1169598185    
   -7.877887843      0.1252626676    
   -7.867887843      0.1410473412    
   -7.857887843      0.1618519015    
   -7.847887843      0.1817203128    
   -7.837887843      0.1925786788    
   -7.827887843      0.1884678641    
   -7.817887843      0.1694308906    
   -7.807887843      0.1416849144    
   -7.797887843      0.1139043943    
   -7.787887843      0.9255094043E-01
   -7.777887843      0.7934496487E-01
   -7.767887843      0.7198764068E-01
   -7.757887843      0.6709214167E-01
   -7.747887843      0.6285215601E-01
   -7.737887843      0.5940620186E-01
   -7.727887843      0.5744362192E-01
   -7.717887843      0.5728522446E-01
   -7.707887843      0.5911897754E-01
   -7.697887843      0.6305091536E-01
   -7.687887843      0.6835088014E-01
   -7.677887843      0.7315225817E-01
   -7.667887843      0.7574268359E-01
   -7.657887843      0.7657270979E-01
   -7.647887843      0.7889505872E-01
   -7.637887843      0.8705652637E-01
   -7.627887843      0.1036083785    
   -7.617887843      0.1273774858    
   -7.607887843      0.1538265177    
   -7.597887843      0.1773769042    
   -7.587887843      0.1941145789    
   -7.577887843      0.2032518080    
   -7.567887843      0.2067834350    
   -7.557887843      0.2079701495    
   -7.547887843      0.2096344236    
   -7.537887843      0.2127962026    
   -7.527887843      0.2159301280    
   -7.517887843      0.2155442825    
   -7.507887843      0.2085193778    
   -7.497887843      0.1948164536    
   -7.487887843      0.1780417487    
   -7.477887843      0.1633915446    
   -7.467887843      0.1554479029    
   -7.457887843      0.1579263981    
   -7.447887843      0.1743078163    
   -7.437887843      0.2069116343    
   -7.427887843      0.2541635301    
   -7.417887843      0.3086271265    
   -7.407887843      0.3586589829    
   -7.397887843      0.3937532876    
   -7.387887843      0.4097303084    
   -7.377887843      0.4091345514    
   -7.367887843      0.3968470337    
   -7.357887843      0.3760311872    
   -7.347887843      0.3483196741    
   -7.337887843      0.3163789229    
   -7.327887843      0.2846040436    
   -7.317887843      0.2570973657    
   -7.307887843      0.2357581047    
   -7.297887843      0.2207793419    
   -7.287887843      0.2129721316    
   -7.277887843      0.2157695252    
   -7.267887843      0.2351913451    
   -7.257887843      0.2773784860    
   -7.247887843      0.3445781946    
   -7.237887843      0.4310764909    
   -7.227887843      0.5210674307    
   -7.217887843      0.5913528924    
   -7.207887843      0.6205352800    
   -7.197887843      0.6006719448    
   -7.187887843      0.5424443323    
   -7.177887843      0.4687796365    
   -7.167887843      0.4018721536    
   -7.157887843      0.3534041102    
   -7.147887843      0.3234853044    
   -7.137887843      0.3066709621    
   -7.127887843      0.2991733067    
   -7.117887843      0.3017157397    
   -7.107887843      0.3170919136    
   -7.097887843      0.3464454924    
   -7.087887843      0.3883986336    
   -7.077887843      0.4411351297    
   -7.067887843      0.5041296107    
   -7.057887843      0.5759910694    
   -7.047887843      0.6488752333    
   -7.037887843      0.7059054062    
   -7.027887843      0.7278552797    
   -7.017887843      0.7059123618    
   -7.007887843      0.6494153112    
   -6.997887843      0.5814773140    
   -6.987887843      0.5265468662    
   -6.977887843      0.4996766654    
   -6.967887843      0.5034100021    
   -6.957887843      0.5315462751    
   -6.947887843      0.5758744636    
   -6.937887843      0.6314073639    
   -6.927887843      0.6965218283    
   -6.917887843      0.7686534697    
   -6.907887843      0.8415324559    
   -6.897887843      0.9089502552    
   -6.887887843      0.9718687006    
   -6.877887843       1.040523127    
   -6.867887843       1.128128247    
   -6.857887843       1.241069670    
   -6.847887843       1.372708200    
   -6.837887843       1.504747880    
   -6.827887843       1.615768774    
   -6.817887843       1.691910556    
   -6.807887843       1.732221493    
   -6.797887843       1.744879001    
   -6.787887843       1.738273089    
   -6.777887843       1.715040029    
   -6.767887843       1.673252713    
   -6.757887843       1.611735324    
   -6.747887843       1.534132789    
   -6.737887843       1.449979042    
   -6.727887843       1.373355069    
   -6.717887843       1.318118958    
   -6.707887843       1.289864212    
   -6.697887843       1.280644035    
   -6.687887843       1.273392810    
   -6.677887843       1.253870947    
   -6.667887843       1.219296518    
   -6.657887843       1.176318004    
   -6.647887843       1.132770467    
   -6.637887843       1.092851411    
   -6.627887843       1.058171601    
   -6.617887843       1.029096084    
   -6.607887843       1.003182749    
   -6.597887843      0.9746880209    
   -6.587887843      0.9389461174    
   -6.577887843      0.8981618165    
   -6.567887843      0.8617233718    
   -6.557887843      0.8399301326    
   -6.547887843      0.8373327205    
   -6.537887843      0.8510459603    
   -6.527887843      0.8729590442    
   -6.517887843      0.8925144775    
   -6.507887843      0.8997541350    
   -6.497887843      0.8893059137    
   -6.487887843      0.8632975652    
   -6.477887843      0.8305097788    
   -6.467887843      0.8020209563    
   -6.457887843      0.7860520810    
   -6.447887843      0.7846642307    
   -6.437887843      0.7935854542    
   -6.427887843      0.8047809121    
   -6.417887843      0.8101623004    
   -6.407887843      0.8046484218    
   -6.397887843      0.7874144627    
   -6.387887843      0.7613175074    
   -6.377887843      0.7315971701    
   -6.367887843      0.7045627774    
   -6.357887843      0.6856464264    
   -6.347887843      0.6768633485    
   -6.337887843      0.6758119506    
   -6.327887843      0.6777914061    
   -6.317887843      0.6793926484    
   -6.307887843      0.6803381311    
   -6.297887843      0.6822130709    
   -6.287887843      0.6857062038    
   -6.277887843      0.6890537647    
   -6.267887843      0.6887955000    
   -6.257887843      0.6819273279    
   -6.247887843      0.6681674242    
   -6.237887843      0.6512029191    
   -6.227887843      0.6373335033    
   -6.217887843      0.6312107604    
   -6.207887843      0.6321572091    
   -6.197887843      0.6355648291    
   -6.187887843      0.6384755084    
   -6.177887843      0.6426199196    
   -6.167887843      0.6502936134    
   -6.157887843      0.6573323503    
   -6.147887843      0.6526685327    
   -6.137887843      0.6273758446    
   -6.127887843      0.5840820282    
   -6.117887843      0.5363077750    
   -6.107887843      0.4992723987    
   -6.097887843      0.4820946888    
   -6.087887843      0.4863895319    
   -6.077887843      0.5085358449    
   -6.067887843      0.5420432980    
   -6.057887843      0.5789827398    
   -6.047887843      0.6108421104    
   -6.037887843      0.6298846233    
   -6.027887843      0.6316680459    
   -6.017887843      0.6172530039    
   -6.007887843      0.5928444926    
   -5.997887843      0.5667630029    
   -5.987887843      0.5455544217    
   -5.977887843      0.5311457797    
   -5.967887843      0.5208053245    
   -5.957887843      0.5104430612    
   -5.947887843      0.4985692917    
   -5.937887843      0.4871013080    
   -5.927887843      0.4789564521    
   -5.917887843      0.4758712451    
   -5.907887843      0.4781590704    
   -5.897887843      0.4849585457    
   -5.887887843      0.4941098854    
   -5.877887843      0.5025258275    
   -5.867887843      0.5068842815    
   -5.857887843      0.5036953398    
   -5.847887843      0.4900855983    
   -5.837887843      0.4670680613    
   -5.827887843      0.4425442972    
   -5.817887843      0.4288469764    
   -5.807887843      0.4349597341    
   -5.797887843      0.4602168203    
   -5.787887843      0.4952783859    
   -5.777887843      0.5287112490    
   -5.767887843      0.5523380850    
   -5.757887843      0.5612202081    
   -5.747887843      0.5511427831    
   -5.737887843      0.5190504248    
   -5.727887843      0.4671927129    
   -5.717887843      0.4062772308    
   -5.707887843      0.3530487323    
   -5.697887843      0.3227637591    
   -5.687887843      0.3219090923    
   -5.677887843      0.3463660367    
   -5.667887843      0.3851643000    
   -5.657887843      0.4257904991    
   -5.647887843      0.4577586020    
   -5.637887843      0.4742369257    
   -5.627887843      0.4728438406    
   -5.617887843      0.4559498466    
   -5.607887843      0.4300219367    
   -5.597887843      0.4037434663    
   -5.587887843      0.3854339629    
   -5.577887843      0.3809650794    
   -5.567887843      0.3928680148    
   -5.557887843      0.4196197563    
   -5.547887843      0.4540714639    
   -5.537887843      0.4830830486    
   -5.527887843      0.4917539199    
   -5.517887843      0.4712113440    
   -5.507887843      0.4241880671    
   -5.497887843      0.3642445651    
   -5.487887843      0.3096915934    
   -5.477887843      0.2760756597    
   -5.467887843      0.2709079375    
   -5.457887843      0.2926895727    
   -5.447887843      0.3335902141    
   -5.437887843      0.3828798394    
   -5.427887843      0.4286733251    
   -5.417887843      0.4584907440    
   -5.407887843      0.4613643528    
   -5.397887843      0.4327264876    
   -5.387887843      0.3791270510    
   -5.377887843      0.3178901797    
   -5.367887843      0.2701561866    
   -5.357887843      0.2512920575    
   -5.347887843      0.2649148156    
   -5.337887843      0.3038779262    
   -5.327887843      0.3562737046    
   -5.317887843      0.4111239508    
   -5.307887843      0.4595275764    
   -5.297887843      0.4919642754    
   -5.287887843      0.4972109321    
   -5.277887843      0.4672341583    
   -5.267887843      0.4049029523    
   -5.257887843      0.3261327364    
   -5.247887843      0.2528464763    
   -5.237887843      0.2025805961    
   -5.227887843      0.1830539789    
   -5.217887843      0.1936091126    
   -5.207887843      0.2290295242    
   -5.197887843      0.2814374084    
   -5.187887843      0.3401270045    
   -5.177887843      0.3918257638    
   -5.167887843      0.4234356713    
   -5.157887843      0.4269689416    
   -5.147887843      0.4036376995    
   -5.137887843      0.3633478884    
   -5.127887843      0.3191599192    
   -5.117887843      0.2809892904    
   -5.107887843      0.2535121187    
   -5.097887843      0.2389301007    
   -5.087887843      0.2405549916    
   -5.077887843      0.2625194081    
   -5.067887843      0.3048016530    
   -5.057887843      0.3579042535    
   -5.047887843      0.4032075179    
   -5.037887843      0.4211061433    
   -5.027887843      0.4022608938    
   -5.017887843      0.3534863036    
   -5.007887843      0.2934467050    
   -4.997887843      0.2418684845    
   -4.987887843      0.2105916357    
   -4.977887843      0.2013956835    
   -4.967887843      0.2095766368    
   -4.957887843      0.2294113756    
   -4.947887843      0.2577206830    
   -4.937887843      0.2931509483    
   -4.927887843      0.3317162044    
   -4.917887843      0.3629647792    
   -4.907887843      0.3724040650    
   -4.897887843      0.3509245608    
   -4.887887843      0.3037325173    
   -4.877887843      0.2494459586    
   -4.867887843      0.2088101588    
   -4.857887843      0.1925695133    
   -4.847887843      0.1981706543    
   -4.837887843      0.2163601285    
   -4.827887843      0.2407726077    
   -4.817887843      0.2720787278    
   -4.807887843      0.3131103326    
   -4.797887843      0.3595437979    
   -4.787887843      0.3960006824    
   -4.777887843      0.4033635751    
   -4.767887843      0.3720897414    
   -4.757887843      0.3100669631    
   -4.747887843      0.2387052657    
   -4.737887843      0.1809565160    
   -4.727887843      0.1502290250    
   -4.717887843      0.1470471331    
   -4.707887843      0.1637218135    
   -4.697887843      0.1913868614    
   -4.687887843      0.2236017632    
   -4.677887843      0.2559763813    
   -4.667887843      0.2849064670    
   -4.657887843      0.3068605213    
   -4.647887843      0.3179141072    
   -4.637887843      0.3145361121    
   -4.627887843      0.2962682746    
   -4.617887843      0.2676036399    
   -4.607887843      0.2361490786    
   -4.597887843      0.2085557095    
   -4.587887843      0.1883365623    
   -4.577887843      0.1771389718    
   -4.567887843      0.1770931016    
   -4.557887843      0.1909507326    
   -4.547887843      0.2193422837    
   -4.537887843      0.2577880150    
   -4.527887843      0.2966244011    
   -4.517887843      0.3243384096    
   -4.507887843      0.3321582364    
   -4.497887843      0.3174682371    
   -4.487887843      0.2846949269    
   -4.477887843      0.2433580965    
   -4.467887843      0.2041479653    
   -4.457887843      0.1750320916    
   -4.447887843      0.1593568311    
   -4.437887843      0.1565680468    
   -4.427887843      0.1648476290    
   -4.417887843      0.1840444323    
   -4.407887843      0.2164966499    
   -4.397887843      0.2641493627    
   -4.387887843      0.3237828834    
   -4.377887843      0.3851909449    
   -4.367887843      0.4355949720    
   -4.357887843      0.4678300129    
   -4.347887843      0.4855334022    
   -4.337887843      0.5007427031    
   -4.327887843      0.5259874161    
   -4.317887843      0.5670245632    
   -4.307887843      0.6205170365    
   -4.297887843      0.6769679453    
   -4.287887843      0.7269529619    
   -4.277887843      0.7671990145    
   -4.267887843      0.8019535000    
   -4.257887843      0.8376422717    
   -4.247887843      0.8748845901    
   -4.237887843      0.9052904325    
   -4.227887843      0.9170195696    
   -4.217887843      0.9054749024    
   -4.207887843      0.8798758129    
   -4.197887843      0.8589127085    
   -4.187887843      0.8590013567    
   -4.177887843      0.8860072923    
   -4.167887843      0.9363905585    
   -4.157887843       1.003092900    
   -4.147887843       1.078606940    
   -4.137887843       1.154121129    
   -4.127887843       1.219392694    
   -4.117887843       1.266143257    
   -4.107887843       1.291752880    
   -4.097887843       1.298523688    
   -4.087887843       1.289796866    
   -4.077887843       1.269030234    
   -4.067887843       1.242931606    
   -4.057887843       1.222109592    
   -4.047887843       1.215218056    
   -4.037887843       1.221914089    
   -4.027887843       1.232431147    
   -4.017887843       1.234565881    
   -4.007887843       1.221924450    
   -3.997887843       1.197306339    
   -3.987887843       1.170164151    
   -3.977887843       1.151265778    
   -3.967887843       1.147756982    
   -3.957887843       1.159769102    
   -3.947887843       1.179396758    
   -3.937887843       1.193860519    
   -3.927887843       1.192619968    
   -3.917887843       1.173495468    
   -3.907887843       1.142358658    
   -3.897887843       1.107005403    
   -3.887887843       1.071565083    
   -3.877887843       1.036764791    
   -3.867887843       1.004908768    
   -3.857887843      0.9831366790    
   -3.847887843      0.9800601001    
   -3.837887843      0.9983101274    
   -3.827887843       1.030766078    
   -3.817887843       1.064669485    
   -3.807887843       1.089537471    
   -3.797887843       1.101808831    
   -3.787887843       1.103544671    
   -3.777887843       1.097555119    
   -3.767887843       1.083354979    
   -3.757887843       1.057933857    
   -3.747887843       1.021235914    
   -3.737887843      0.9803684909    
   -3.727887843      0.9469987278    
   -3.717887843      0.9305501032    
   -3.707887843      0.9344903829    
   -3.697887843      0.9575525399    
   -3.687887843      0.9953801670    
   -3.677887843       1.040161004    
   -3.667887843       1.080931837    
   -3.657887843       1.106835254    
   -3.647887843       1.111848334    
   -3.637887843       1.097856005    
   -3.627887843       1.073497492    
   -3.617887843       1.048665002    
   -3.607887843       1.028537932    
   -3.597887843       1.011840724    
   -3.587887843      0.9937657302    
   -3.577887843      0.9705023355    
   -3.567887843      0.9426942174    
   -3.557887843      0.9163018567    
   -3.547887843      0.9004614427    
   -3.537887843      0.9038183789    
   -3.527887843      0.9310514167    
   -3.517887843      0.9799458344    
   -3.507887843       1.040118246    
   -3.497887843       1.095972717    
   -3.487887843       1.133852277    
   -3.477887843       1.148393052    
   -3.467887843       1.142857923    
   -3.457887843       1.124143204    
   -3.447887843       1.097980390    
   -3.437887843       1.068060757    
   -3.427887843       1.037978144    
   -3.417887843       1.012707202    
   -3.407887843      0.9975405516    
   -3.397887843      0.9954129532    
   -3.387887843       1.005632899    
   -3.377887843       1.024928641    
   -3.367887843       1.048394126    
   -3.357887843       1.069763897    
   -3.347887843       1.083731354    
   -3.337887843       1.089784297    
   -3.327887843       1.092379207    
   -3.317887843       1.095859848    
   -3.307887843       1.099721592    
   -3.297887843       1.099752603    
   -3.287887843       1.093639727    
   -3.277887843       1.084733092    
   -3.267887843       1.079960514    
   -3.257887843       1.084283812    
   -3.247887843       1.097238542    
   -3.237887843       1.113861127    
   -3.227887843       1.127728127    
   -3.217887843       1.133693950    
   -3.207887843       1.130319256    
   -3.197887843       1.121603827    
   -3.187887843       1.115662914    
   -3.177887843       1.119754592    
   -3.167887843       1.135314976    
   -3.157887843       1.157208297    
   -3.147887843       1.177642515    
   -3.137887843       1.191559516    
   -3.127887843       1.199236635    
   -3.117887843       1.203855943    
   -3.107887843       1.206421550    
   -3.097887843       1.203455902    
   -3.087887843       1.190112073    
   -3.077887843       1.165696507    
   -3.067887843       1.136719715    
   -3.057887843       1.115164645    
   -3.047887843       1.112701548    
   -3.037887843       1.133875643    
   -3.027887843       1.173140934    
   -3.017887843       1.218985248    
   -3.007887843       1.262049991    
   -2.997887843       1.299773372    
   -2.987887843       1.333941256    
   -2.977887843       1.364872711    
   -2.967887843       1.387932559    
   -2.957887843       1.394815745    
   -2.947887843       1.379315424    
   -2.937887843       1.344964999    
   -2.927887843       1.308108745    
   -2.917887843       1.290418973    
   -2.907887843       1.304438703    
   -2.897887843       1.344585539    
   -2.887887843       1.391183963    
   -2.877887843       1.422371857    
   -2.867887843       1.424892922    
   -2.857887843       1.400415694    
   -2.847887843       1.366374078    
   -2.837887843       1.348592494    
   -2.827887843       1.367065917    
   -2.817887843       1.424317056    
   -2.807887843       1.505055497    
   -2.797887843       1.585411093    
   -2.787887843       1.643153713    
   -2.777887843       1.663931495    
   -2.767887843       1.644620538    
   -2.757887843       1.595022871    
   -2.747887843       1.535824689    
   -2.737887843       1.490721560    
   -2.727887843       1.475397279    
   -2.717887843       1.490323753    
   -2.707887843       1.522163884    
   -2.697887843       1.551622380    
   -2.687887843       1.562141809    
   -2.677887843       1.546480589    
   -2.667887843       1.510475655    
   -2.657887843       1.471748873    
   -2.647887843       1.451178811    
   -2.637887843       1.460426524    
   -2.627887843       1.494110585    
   -2.617887843       1.533036188    
   -2.607887843       1.556125009    
   -2.597887843       1.551618479    
   -2.587887843       1.519917303    
   -2.577887843       1.469397714    
   -2.567887843       1.412157972    
   -2.557887843       1.362255670    
   -2.547887843       1.332599835    
   -2.537887843       1.328961563    
   -2.527887843       1.346400217    
   -2.517887843       1.373148509    
   -2.507887843       1.399235688    
   -2.497887843       1.421931842    
   -2.487887843       1.443818235    
   -2.477887843       1.467667826    
   -2.467887843       1.494877399    
   -2.457887843       1.526925161    
   -2.447887843       1.563318034    
   -2.437887843       1.595744877    
   -2.427887843       1.607344027    
   -2.417887843       1.582424542    
   -2.407887843       1.519602426    
   -2.397887843       1.436127106    
   -2.387887843       1.358722647    
   -2.377887843       1.308509071    
   -2.367887843       1.292399906    
   -2.357887843       1.305785844    
   -2.347887843       1.339957855    
   -2.337887843       1.385569770    
   -2.327887843       1.431422361    
   -2.317887843       1.464614815    
   -2.307887843       1.475664562    
   -2.297887843       1.464919588    
   -2.287887843       1.443619949    
   -2.277887843       1.427078384    
   -2.267887843       1.424035864    
   -2.257887843       1.429832250    
   -2.247887843       1.429079502    
   -2.237887843       1.406783118    
   -2.227887843       1.360103114    
   -2.217887843       1.302183053    
   -2.207887843       1.255532595    
   -2.197887843       1.239942224    
   -2.187887843       1.262822732    
   -2.177887843       1.316705286    
   -2.167887843       1.383255777    
   -2.157887843       1.440602697    
   -2.147887843       1.471536546    
   -2.137887843       1.470464908    
   -2.127887843       1.445785572    
   -2.117887843       1.415071676    
   -2.107887843       1.394723180    
   -2.097887843       1.390189777    
   -2.087887843       1.393607319    
   -2.077887843       1.390978477    
   -2.067887843       1.373300975    
   -2.057887843       1.342978834    
   -2.047887843       1.311877989    
   -2.037887843       1.293403458    
   -2.027887843       1.293085972    
   -2.017887843       1.303673949    
   -2.007887843       1.310225758    
   -1.997887843       1.302782158    
   -1.987887843       1.285086264    
   -1.977887843       1.270395072    
   -1.967887843       1.268592610    
   -1.957887843       1.277236271    
   -1.947887843       1.283985315    
   -1.937887843       1.276732868    
   -1.927887843       1.252608174    
   -1.917887843       1.220196019    
   -1.907887843       1.195205148    
   -1.897887843       1.193262093    
   -1.887887843       1.223280436    
   -1.877887843       1.282975324    
   -1.867887843       1.357497060    
   -1.857887843       1.423020201    
   -1.847887843       1.456022485    
   -1.837887843       1.444371959    
   -1.827887843       1.393195503    
   -1.817887843       1.321728560    
   -1.807887843       1.253481935    
   -1.797887843       1.205431104    
   -1.787887843       1.182203334    
   -1.777887843       1.178410250    
   -1.767887843       1.185863988    
   -1.757887843       1.198293542    
   -1.747887843       1.210546468    
   -1.737887843       1.216829440    
   -1.727887843       1.212930902    
   -1.717887843       1.200724235    
   -1.707887843       1.189274594    
   -1.697887843       1.190053350    
   -1.687887843       1.208939066    
   -1.677887843       1.240271942    
   -1.667887843       1.268372299    
   -1.657887843       1.277998224    
   -1.647887843       1.266541501    
   -1.637887843       1.246158630    
   -1.627887843       1.232416617    
   -1.617887843       1.230408790    
   -1.607887843       1.232691523    
   -1.597887843       1.230255619    
   -1.587887843       1.222833017    
   -1.577887843       1.216666060    
   -1.567887843       1.214239152    
   -1.557887843       1.210013690    
   -1.547887843       1.197204258    
   -1.537887843       1.176461273    
   -1.527887843       1.156400606    
   -1.517887843       1.146784381    
   -1.507887843       1.152261360    
   -1.497887843       1.171286808    
   -1.487887843       1.198340886    
   -1.477887843       1.225868806    
   -1.467887843       1.245617885    
   -1.457887843       1.251235938    
   -1.447887843       1.241343895    
   -1.437887843       1.219655263    
   -1.427887843       1.191945544    
   -1.417887843       1.164106276    
   -1.407887843       1.142980562    
   -1.397887843       1.135855173    
   -1.387887843       1.145828021    
   -1.377887843       1.167575920    
   -1.367887843       1.189418551    
   -1.357887843       1.200151052    
   -1.347887843       1.193729247    
   -1.337887843       1.168841738    
   -1.327887843       1.127446067    
   -1.317887843       1.076495879    
   -1.307887843       1.030093794    
   -1.297887843       1.005472339    
   -1.287887843       1.012527592    
   -1.277887843       1.045598874    
   -1.267887843       1.085736684    
   -1.257887843       1.112142886    
   -1.247887843       1.113550224    
   -1.237887843       1.091366636    
   -1.227887843       1.054527630    
   -1.217887843       1.012810828    
   -1.207887843      0.9739908251    
   -1.197887843      0.9438223405    
   -1.187887843      0.9255244675    
   -1.177887843      0.9187139386    
   -1.167887843      0.9197445431    
   -1.157887843      0.9234453192    
   -1.147887843      0.9247954447    
   -1.137887843      0.9200842918    
   -1.127887843      0.9076442243    
   -1.117887843      0.8876738766    
   -1.107887843      0.8611364167    
   -1.097887843      0.8288753497    
   -1.087887843      0.7918993330    
   -1.077887843      0.7525477483    
   -1.067887843      0.7156045416    
   -1.057887843      0.6882425781    
   -1.047887843      0.6775019259    
   -1.037887843      0.6855387788    
   -1.027887843      0.7062424875    
   -1.017887843      0.7272966653    
   -1.007887843      0.7368801992    
  -0.9978878430      0.7296816269    
  -0.9878878430      0.7082416570    
  -0.9778878430      0.6799044458    
  -0.9678878430      0.6520023465    
  -0.9578878430      0.6283995656    
  -0.9478878430      0.6098325588    
  -0.9378878430      0.5973798040    
  -0.9278878430      0.5948210062    
  -0.9178878430      0.6062933484    
  -0.9078878430      0.6306034008    
  -0.8978878430      0.6575454263    
  -0.8878878430      0.6706309567    
  -0.8778878430      0.6556184480    
  -0.8678878430      0.6095098524    
  -0.8578878430      0.5442514673    
  -0.8478878430      0.4827583570    
  -0.8378878430      0.4488138536    
  -0.8278878430      0.4554976373    
  -0.8178878430      0.4982174839    
  -0.8078878430      0.5562894743    
  -0.7978878430      0.6023033515    
  -0.7878878430      0.6147183605    
  -0.7778878430      0.5876551221    
  -0.7678878430      0.5328287527    
  -0.7578878430      0.4727017902    
  -0.7478878430      0.4292894683    
  -0.7378878430      0.4150050393    
  -0.7278878430      0.4291310516    
  -0.7178878430      0.4597025948    
  -0.7078878430      0.4890594194    
  -0.6978878430      0.5011933980    
  -0.6878878430      0.4884265653    
  -0.6778878430      0.4544109793    
  -0.6678878430      0.4116050562    
  -0.6578878430      0.3745167009    
  -0.6478878430      0.3530502320    
  -0.6378878430      0.3500336510    
  -0.6278878430      0.3628950411    
  -0.6178878430      0.3859041582    
  -0.6078878430      0.4107537580    
  -0.5978878430      0.4272774723    
  -0.5878878430      0.4267710235    
  -0.5778878430      0.4067868497    
  -0.5678878430      0.3735615911    
  -0.5578878430      0.3397448865    
  -0.5478878430      0.3185716589    
  -0.5378878430      0.3176432708    
  -0.5278878430      0.3353436365    
  -0.5178878430      0.3615070106    
  -0.5078878430      0.3819943118    
  -0.4978878430      0.3850688176    
  -0.4878878430      0.3667031311    
  -0.4778878430      0.3323683689    
  -0.4678878430      0.2942875730    
  -0.4578878430      0.2654159680    
  -0.4478878430      0.2534289391    
  -0.4378878430      0.2579576952    
  -0.4278878430      0.2720200699    
  -0.4178878430      0.2860346403    
  -0.4078878430      0.2919275925    
  -0.3978878430      0.2857619130    
  -0.3878878430      0.2686077963    
  -0.3778878430      0.2457957253    
  -0.3678878430      0.2246650365    
  -0.3578878430      0.2114733900    
  -0.3478878430      0.2088855635    
  -0.3378878430      0.2152082154    
  -0.3278878430      0.2253886246    
  -0.3178878430      0.2330718030    
  -0.3078878430      0.2331347901    
  -0.2978878430      0.2241061214    
  -0.2878878430      0.2092765553    
  -0.2778878430      0.1952291733    
  -0.2678878430      0.1880233819    
  -0.2578878430      0.1893974634    
  -0.2478878430      0.1957613604    
  -0.2378878430      0.2006376235    
  -0.2278878430      0.1985686097    
  -0.2178878430      0.1877760589    
  -0.2078878430      0.1703841676    
  -0.1978878430      0.1510182456    
  -0.1878878430      0.1349972232    
  -0.1778878430      0.1263256249    
  -0.1678878430      0.1256215824    
  -0.1578878430      0.1294759022    
  -0.1478878430      0.1326621172    
  -0.1378878430      0.1318578902    
  -0.1278878430      0.1274996881    
  -0.1178878430      0.1222302660    
  -0.1078878430      0.1179484325    
  -0.9788784302E-01  0.1143735608    
  -0.8788784302E-01  0.1098668792    
  -0.7788784302E-01  0.1031084264    
  -0.6788784302E-01  0.9400424033E-01
  -0.5788784302E-01  0.8335709653E-01
  -0.4788784302E-01  0.7205028327E-01
  -0.3788784302E-01  0.6064199528E-01
  -0.2788784302E-01  0.4944072203E-01
  -0.1788784302E-01  0.3864562393E-01
  -0.7887843020E-02  0.2845899730E-01
   0.2112156980E-02  0.1926371866E-01
   0.1211215698E-01  0.1165907953E-01
   0.2211215698E-01  0.6151059493E-02
   0.3211215698E-01  0.2771835423E-02
   0.4211215698E-01  0.1051078155E-02
   0.5211215698E-01  0.3318897250E-03
   0.6211215698E-01  0.8663266695E-04
   0.7211215698E-01  0.1859923383E-04
   0.8211215698E-01  0.3272433237E-05
   0.9211215698E-01  0.4706159402E-06
   0.1021121570      0.5520924086E-07
   0.1121121570      0.5274798912E-08
   0.1221121570      0.4098753844E-09
   0.1321121570      0.2587093300E-10
   0.1421121570      0.1324899150E-11
   0.1521121570      0.5498953832E-13
   0.1621121570      0.1847713134E-14
   0.1721121570      0.5021017205E-16
   0.1821121570      0.1102338107E-17
   0.1921121570      0.1953390224E-19
   0.2021121570      0.2791420183E-21
   0.2121121570      0.3214128550E-23
   0.2221121570      0.2979707664E-25
   0.2321121570      0.2222585383E-27
   0.2421121570      0.1333076448E-29
   0.2521121570      0.9903744961E-32
   0.2621121570      0.7178865340E-30
   0.2721121570      0.1186399762E-27
   0.2821121570      0.1570088030E-25
   0.2921121570      0.1663896560E-23
   0.3021121570      0.1412044424E-21
   0.3121121570      0.9596350305E-20
   0.3221121570      0.5223050972E-18
   0.3321121570      0.2276885946E-16
   0.3421121570      0.7950911342E-15
   0.3521121570      0.2224562071E-13
   0.3621121570      0.4988505360E-12
   0.3721121570      0.8970668233E-11
   0.3821121570      0.1294705025E-09
   0.3921121570      0.1501701044E-08
   0.4021121570      0.1402728364E-07
   0.4121121570      0.1058718140E-06
   0.4221121570      0.6490183099E-06
   0.4321121570      0.3257298737E-05
   0.4421121570      0.1354156147E-04
   0.4521121570      0.4738811136E-04
   0.4621121570      0.1423616313E-03
   0.4721121570      0.3746232576E-03
   0.4821121570      0.8775899840E-03
   0.4921121570      0.1847996797E-02
   0.5021121570      0.3519193188E-02
   0.5121121570      0.6113920257E-02
   0.5221121570      0.9845488523E-02
   0.5321121570      0.1499456595E-01
   0.5421121570      0.2189879545E-01
   0.5521121570      0.3062385029E-01
   0.5621121570      0.4044696299E-01
   0.5721121570      0.4977320643E-01
   0.5821121570      0.5693116031E-01
   0.5921121570      0.6136913556E-01
   0.6021121570      0.6418487953E-01
   0.6121121570      0.6749324932E-01
   0.6221121570      0.7317119565E-01
   0.6321121570      0.8188046733E-01
   0.6421121570      0.9286680881E-01
   0.6521121570      0.1044967257    
   0.6621121570      0.1151829579    
   0.6721121570      0.1242135149    
   0.6821121570      0.1319856585    
   0.6921121570      0.1394529288    
   0.7021121570      0.1472322343    
   0.7121121570      0.1551652679    
   0.7221121570      0.1626484582    
   0.7321121570      0.1692877013    
   0.7421121570      0.1753323283    
   0.7521121570      0.1817674802    
   0.7621121570      0.1900819388    
   0.7721121570      0.2016025056    
   0.7821121570      0.2165603142    
   0.7921121570      0.2335547451    
   0.8021121570      0.2499775044    
   0.8121121570      0.2632001149    
   0.8221121570      0.2716727324    
   0.8321121570      0.2751911642    
   0.8421121570      0.2744467220    
   0.8521121570      0.2705794472    
   0.8621121570      0.2650087685    
   0.8721121570      0.2592648490    
   0.8821121570      0.2549024480    
   0.8921121570      0.2539015106    
   0.9021121570      0.2592032744    
   0.9121121570      0.2741242550    
   0.9221121570      0.3000085689    
   0.9321121570      0.3336308068    
   0.9421121570      0.3671724979    
   0.9521121570      0.3917840977    
   0.9621121570      0.4022074313    
   0.9721121570      0.3989152525    
   0.9821121570      0.3869522789    
   0.9921121570      0.3732595372    
    1.002112157      0.3639412761    
    1.012112157      0.3619187592    
    1.022112157      0.3658979715    
    1.032112157      0.3718281384    
    1.042112157      0.3762991804    
    1.052112157      0.3793270124    
    1.062112157      0.3842539522    
    1.072112157      0.3949580085    
    1.082112157      0.4126890455    
    1.092112157      0.4346307894    
    1.102112157      0.4546451684    
    1.112112157      0.4656528188    
    1.122112157      0.4628639590    
    1.132112157      0.4466894650    
    1.142112157      0.4236786407    
    1.152112157      0.4041611279    
    1.162112157      0.3973347042    
    1.172112157      0.4070935631    
    1.182112157      0.4314837004    
    1.192112157      0.4650867310    
    1.202112157      0.5014817787    
    1.212112157      0.5345515323    
    1.222112157      0.5595383676    
    1.232112157      0.5743706254    
    1.242112157      0.5801828635    
    1.252112157      0.5800688737    
    1.262112157      0.5770224823    
    1.272112157      0.5729456157    
    1.282112157      0.5691407952    
    1.292112157      0.5668447749    
    1.302112157      0.5666190221    
    1.312112157      0.5675349036    
    1.322112157      0.5679652391    
    1.332112157      0.5676045201    
    1.342112157      0.5681459696    
    1.352112157      0.5715831044    
    1.362112157      0.5782798482    
    1.372112157      0.5868774775    
    1.382112157      0.5952527863    
    1.392112157      0.6009855005    
    1.402112157      0.6018886159    
    1.412112157      0.5975906893    
    1.422112157      0.5906736796    
    1.432112157      0.5852217245    
    1.442112157      0.5839256787    
    1.452112157      0.5872174090    
    1.462112157      0.5954541642    
    1.472112157      0.6111756659    
    1.482112157      0.6379727192    
    1.492112157      0.6761718759    
    1.502112157      0.7196690090    
    1.512112157      0.7580798817    
    1.522112157      0.7830929897    
    1.532112157      0.7932616870    
    1.542112157      0.7932299869    
    1.552112157      0.7892057330    
    1.562112157      0.7853387584    
    1.572112157      0.7832696654    
    1.582112157      0.7833994056    
    1.592112157      0.7854271319    
    1.602112157      0.7877806132    
    1.612112157      0.7878645737    
    1.622112157      0.7843028828    
    1.632112157      0.7792410967    
    1.642112157      0.7778515534    
    1.652112157      0.7850880294    
    1.662112157      0.8025047983    
    1.672112157      0.8273819793    
    1.682112157      0.8542549353    
    1.692112157      0.8776192895    
    1.702112157      0.8941373335    
    1.712112157      0.9032319054    
    1.722112157      0.9063448208    
    1.732112157      0.9056463591    
    1.742112157      0.9024420019    
    1.752112157      0.8959112640    
    1.762112157      0.8839168959    
    1.772112157      0.8664867950    
    1.782112157      0.8490873107    
    1.792112157      0.8415213488    
    1.802112157      0.8518333916    
    1.812112157      0.8797364684    
    1.822112157      0.9158095535    
    1.832112157      0.9484874768    
    1.842112157      0.9731990984    
    1.852112157      0.9951781817    
    1.862112157       1.024036364    
    1.872112157       1.066004458    
    1.882112157       1.119440436    
    1.892112157       1.174608509    
    1.902112157       1.217316255    
    1.912112157       1.235718886    
    1.922112157       1.227046251    
    1.932112157       1.199735925    
    1.942112157       1.169219090    
    1.952112157       1.149584723    
    1.962112157       1.145812891    
    1.972112157       1.151444286    
    1.982112157       1.153569271    
    1.992112157       1.141980758    
    2.002112157       1.116283664    
    2.012112157       1.086485058    
    2.022112157       1.067597026    
    2.032112157       1.072628418    
    2.042112157       1.107856473    
    2.052112157       1.171145464    
    2.062112157       1.252472442    
    2.072112157       1.336470766    
    2.082112157       1.406895353    
    2.092112157       1.451500698    
    2.102112157       1.465371779    
    2.112112157       1.452153179    
    2.122112157       1.423088232    
    2.132112157       1.392816764    
    2.142112157       1.372616405    
    2.152112157       1.366037194    
    2.162112157       1.371185425    
    2.172112157       1.386777208    
    2.182112157       1.415115099    
    2.192112157       1.459376482    
    2.202112157       1.518397833    
    2.212112157       1.583527532    
    2.222112157       1.640220853    
    2.232112157       1.674405141    
    2.242112157       1.680650327    
    2.252112157       1.666433552    
    2.262112157       1.647856736    
    2.272112157       1.639038048    
    2.282112157       1.643796112    
    2.292112157       1.656147100    
    2.302112157       1.667334544    
    2.312112157       1.671443581    
    2.322112157       1.665426476    
    2.332112157       1.647376961    
    2.342112157       1.617957629    
    2.352112157       1.583178976    
    2.362112157       1.553339357    
    2.372112157       1.537420148    
    2.382112157       1.537293789    
    2.392112157       1.546326629    
    2.402112157       1.553527136    
    2.412112157       1.549966508    
    2.422112157       1.532525833    
    2.432112157       1.503677598    
    2.442112157       1.470339809    
    2.452112157       1.443107458    
    2.462112157       1.432776058    
    2.472112157       1.443212569    
    2.482112157       1.466555679    
    2.492112157       1.487117896    
    2.502112157       1.491909974    
    2.512112157       1.478906525    
    2.522112157       1.456616988    
    2.532112157       1.436275891    
    2.542112157       1.423286304    
    2.552112157       1.414267560    
    2.562112157       1.401361294    
    2.572112157       1.379592270    
    2.582112157       1.350773823    
    2.592112157       1.321300347    
    2.602112157       1.297045830    
    2.612112157       1.279858507    
    2.622112157       1.267104832    
    2.632112157       1.253729558    
    2.642112157       1.235976693    
    2.652112157       1.214496728    
    2.662112157       1.194073539    
    2.672112157       1.180662923    
    2.682112157       1.179396284    
    2.692112157       1.194281675    
    2.702112157       1.226412493    
    2.712112157       1.270151986    
    2.722112157       1.312109967    
    2.732112157       1.336418079    
    2.742112157       1.332687548    
    2.752112157       1.300117854    
    2.762112157       1.246365823    
    2.772112157       1.184621252    
    2.782112157       1.130204055    
    2.792112157       1.095215363    
    2.802112157       1.083073139    
    2.812112157       1.088063257    
    2.822112157       1.100959446    
    2.832112157       1.115408591    
    2.842112157       1.129802798    
    2.852112157       1.144794997    
    2.862112157       1.160338873    
    2.872112157       1.174660345    
    2.882112157       1.184020488    
    2.892112157       1.182097431    
    2.902112157       1.161232759    
    2.912112157       1.117728467    
    2.922112157       1.057756566    
    2.932112157      0.9973769845    
    2.942112157      0.9550325352    
    2.952112157      0.9418535770    
    2.962112157      0.9566462586    
    2.972112157      0.9882077847    
    2.982112157       1.022011417    
    2.992112157       1.046037835    
    3.002112157       1.053310496    
    3.012112157       1.042661202    
    3.022112157       1.019081003    
    3.032112157      0.9920459537    
    3.042112157      0.9707025746    
    3.052112157      0.9590440921    
    3.062112157      0.9554507999    
    3.072112157      0.9566478893    
    3.082112157      0.9618898411    
    3.092112157      0.9739211372    
    3.102112157      0.9969601627    
    3.112112157       1.034076476    
    3.122112157       1.085579987    
    3.132112157       1.148250889    
    3.142112157       1.214919377    
    3.152112157       1.275589702    
    3.162112157       1.321805569    
    3.172112157       1.352543244    
    3.182112157       1.376369622    
    3.192112157       1.406903984    
    3.202112157       1.455102221    
    3.212112157       1.524879129    
    3.222112157       1.615010972    
    3.232112157       1.724276301    
    3.242112157       1.853955090    
    3.252112157       2.004630638    
    3.262112157       2.170621158    
    3.272112157       2.338797482    
    3.282112157       2.493933885    
    3.292112157       2.624925683    
    3.302112157       2.725572836    
    3.312112157       2.790554044    
    3.322112157       2.812288622    
    3.332112157       2.783088869    
    3.342112157       2.701975458    
    3.352112157       2.580618582    
    3.362112157       2.442328205    
    3.372112157       2.313422767    
    3.382112157       2.212691764    
    3.392112157       2.145420942    
    3.402112157       2.103762749    
    3.412112157       2.071412150    
    3.422112157       2.030638562    
    3.432112157       1.970354978    
    3.442112157       1.892166739    
    3.452112157       1.809719579    
    3.462112157       1.739900507    
    3.472112157       1.691790513    
    3.482112157       1.662264159    
    3.492112157       1.640770327    
    3.502112157       1.617606439    
    3.512112157       1.589449851    
    3.522112157       1.560942118    
    3.532112157       1.543219962    
    3.542112157       1.548608223    
    3.552112157       1.581972276    
    3.562112157       1.634543696    
    3.572112157       1.687054554    
    3.582112157       1.721073741    
    3.592112157       1.729121496    
    3.602112157       1.716391672    
    3.612112157       1.696057437    
    3.622112157       1.683484779    
    3.632112157       1.690989673    
    3.642112157       1.722884284    
    3.652112157       1.772207187    
    3.662112157       1.821587973    
    3.672112157       1.850105696    
    3.682112157       1.844685477    
    3.692112157       1.808805904    
    3.702112157       1.760574440    
    3.712112157       1.721017417    
    3.722112157       1.702248662    
    3.732112157       1.703615711    
    3.742112157       1.715793223    
    3.752112157       1.727809300    
    3.762112157       1.732524287    
    3.772112157       1.728929508    
    3.782112157       1.721822958    
    3.792112157       1.719585033    
    3.802112157       1.729932766    
    3.812112157       1.754216579    
    3.822112157       1.783636247    
    3.832112157       1.802054864    
    3.842112157       1.795628233    
    3.852112157       1.762259447    
    3.862112157       1.712820458    
    3.872112157       1.663255305    
    3.882112157       1.624088341    
    3.892112157       1.594650162    
    3.902112157       1.564729956    
    3.912112157       1.521512536    
    3.922112157       1.457643205    
    3.932112157       1.376370670    
    3.942112157       1.290767241    
    3.952112157       1.217036726    
    3.962112157       1.166206830    
    3.972112157       1.139543927    
    3.982112157       1.129411940    
    3.992112157       1.123913923    
    4.002112157       1.113374813    
    4.012112157       1.096363216    
    4.022112157       1.081380563    
    4.032112157       1.081888552    
    4.042112157       1.107770770    
    4.052112157       1.159233700    
    4.062112157       1.226058955    
    4.072112157       1.291065177    
    4.082112157       1.336284459    
    4.092112157       1.350716911    
    4.102112157       1.335957903    
    4.112112157       1.304766100    
    4.122112157       1.273044871    
    4.132112157       1.252183223    
    4.142112157       1.246964633    
    4.152112157       1.257340298    
    4.162112157       1.280362931    
    4.172112157       1.311642774    
    4.182112157       1.346756523    
    4.192112157       1.381721543    
    4.202112157       1.412174987    
    4.212112157       1.432626501    
    4.222112157       1.437120696    
    4.232112157       1.421216831    
    4.242112157       1.384052384    
    4.252112157       1.329094828    
    4.262112157       1.263142520    
    4.272112157       1.194351379    
    4.282112157       1.130321291    
    4.292112157       1.076829336    
    4.302112157       1.037462559    
    4.312112157       1.014027079    
    4.322112157       1.007055313    
    4.332112157       1.015792089    
    4.342112157       1.038196932    
    4.352112157       1.071937360    
    4.362112157       1.115122125    
    4.372112157       1.164179197    
    4.382112157       1.210459949    
    4.392112157       1.241539526    
    4.402112157       1.249139183    
    4.412112157       1.237146132    
    4.422112157       1.221684152    
    4.432112157       1.222110752    
    4.442112157       1.248921796    
    4.452112157       1.296244564    
    4.462112157       1.343866701    
    4.472112157       1.368629203    
    4.482112157       1.358838360    
    4.492112157       1.322078302    
    4.502112157       1.280799940    
    4.512112157       1.258929748    
    4.522112157       1.268576707    
    4.532112157       1.304594230    
    4.542112157       1.348941199    
    4.552112157       1.381116214    
    4.562112157       1.388407078    
    4.572112157       1.370769518    
    4.582112157       1.338368143    
    4.592112157       1.303813799    
    4.602112157       1.274526536    
    4.612112157       1.250633162    
    4.622112157       1.229081042    
    4.632112157       1.209237936    
    4.642112157       1.194773866    
    4.652112157       1.191105270    
    4.662112157       1.201695170    
    4.672112157       1.225954329    
    4.682112157       1.258434401    
    4.692112157       1.288933865    
    4.702112157       1.305604734    
    4.712112157       1.301173327    
    4.722112157       1.277055561    
    4.732112157       1.241357032    
    4.742112157       1.203790770    
    4.752112157       1.172440360    
    4.762112157       1.152680021    
    4.772112157       1.145954822    
    4.782112157       1.148825343    
    4.792112157       1.155123723    
    4.802112157       1.160791929    
    4.812112157       1.166040890    
    4.822112157       1.171851990    
    4.832112157       1.175518650    
    4.842112157       1.171227358    
    4.852112157       1.154973902    
    4.862112157       1.128533232    
    4.872112157       1.099079193    
    4.882112157       1.074971815    
    4.892112157       1.061044018    
    4.902112157       1.057022360    
    4.912112157       1.059577338    
    4.922112157       1.065434922    
    4.932112157       1.073581248    
    4.942112157       1.086121641    
    4.952112157       1.107087787    
    4.962112157       1.139025369    
    4.972112157       1.179780368    
    4.982112157       1.222768520    
    4.992112157       1.260833545    
    5.002112157       1.289963935    
    5.012112157       1.309396994    
    5.022112157       1.318931891    
    5.032112157       1.317345997    
    5.042112157       1.303688518    
    5.052112157       1.279138510    
    5.062112157       1.246929460    
    5.072112157       1.210817631    
    5.082112157       1.173838206    
    5.092112157       1.138287223    
    5.102112157       1.106949216    
    5.112112157       1.084192834    
    5.122112157       1.074784130    
    5.132112157       1.080481744    
    5.142112157       1.097274226    
    5.152112157       1.115812123    
    5.162112157       1.125478529    
    5.172112157       1.120467934    
    5.182112157       1.103825763    
    5.192112157       1.085263918    
    5.202112157       1.073792661    
    5.212112157       1.071865222    
    5.222112157       1.075894786    
    5.232112157       1.080838960    
    5.242112157       1.083639061    
    5.252112157       1.083803972    
    5.262112157       1.082580411    
    5.272112157       1.081661642    
    5.282112157       1.081647743    
    5.292112157       1.081094751    
    5.302112157       1.076892250    
    5.312112157       1.065697171    
    5.322112157       1.045791322    
    5.332112157       1.018735878    
    5.342112157      0.9898248133    
    5.352112157      0.9664224097    
    5.362112157      0.9546315152    
    5.372112157      0.9565126233    
    5.382112157      0.9699800476    
    5.392112157      0.9908494176    
    5.402112157       1.014742482    
    5.412112157       1.038244976    
    5.422112157       1.060202722    
    5.432112157       1.082288811    
    5.442112157       1.107144716    
    5.452112157       1.135373585    
    5.462112157       1.164552139    
    5.472112157       1.190901870    
    5.482112157       1.211560529    
    5.492112157       1.225773848    
    5.502112157       1.234543096    
    5.512112157       1.239114457    
    5.522112157       1.239905695    
    5.532112157       1.237107921    
    5.542112157       1.231706051    
    5.552112157       1.225108688    
    5.562112157       1.218108213    
    5.572112157       1.210998316    
    5.582112157       1.204482881    
    5.592112157       1.199351692    
    5.602112157       1.194658604    
    5.612112157       1.186912788    
    5.622112157       1.172574791    
    5.632112157       1.152526001    
    5.642112157       1.133944524    
    5.652112157       1.126473638    
    5.662112157       1.135159638    
    5.672112157       1.156180379    
    5.682112157       1.178661006    
    5.692112157       1.190429970    
    5.702112157       1.183425601    
    5.712112157       1.156360941    
    5.722112157       1.114561796    
    5.732112157       1.067482862    
    5.742112157       1.024529020    
    5.752112157      0.9909245366    
    5.762112157      0.9662395324    
    5.772112157      0.9467207033    
    5.782112157      0.9297401821    
    5.792112157      0.9172893188    
    5.802112157      0.9160996387    
    5.812112157      0.9337261207    
    5.822112157      0.9726218710    
    5.832112157       1.026494052    
    5.842112157       1.081943173    
    5.852112157       1.123990135    
    5.862112157       1.141698351    
    5.872112157       1.131839942    
    5.882112157       1.100430822    
    5.892112157       1.061236277    
    5.902112157       1.030191670    
    5.912112157       1.017847675    
    5.922112157       1.024834562    
    5.932112157       1.043329526    
    5.942112157       1.062646258    
    5.952112157       1.074722913    
    5.962112157       1.076686267    
    5.972112157       1.070453474    
    5.982112157       1.061234114    
    5.992112157       1.056313175    
    6.002112157       1.063299329    
    6.012112157       1.086545132    
    6.022112157       1.123437557    
    6.032112157       1.164799274    
    6.042112157       1.200469571    
    6.052112157       1.224831451    
    6.062112157       1.236855421    
    6.072112157       1.236394566    
    6.082112157       1.222438439    
    6.092112157       1.194632540    
    6.102112157       1.154698276    
    6.112112157       1.105874347    
    6.122112157       1.051897011    
    6.132112157      0.9969671676    
    6.142112157      0.9459307820    
    6.152112157      0.9033764755    
    6.162112157      0.8718091274    
    6.172112157      0.8501805800    
    6.182112157      0.8340751580    
    6.192112157      0.8180068686    
    6.202112157      0.7985078086    
    6.212112157      0.7756877019    
    6.222112157      0.7526730217    
    6.232112157      0.7344744379    
    6.242112157      0.7269791826    
    6.252112157      0.7348537795    
    6.262112157      0.7583400047    
    6.272112157      0.7919418081    
    6.282112157      0.8274232040    
    6.292112157      0.8586779585    
    6.302112157      0.8836378062    
    6.312112157      0.9027261815    
    6.322112157      0.9177379855    
    6.332112157      0.9322118131    
    6.342112157      0.9501184334    
    6.352112157      0.9724116183    
    6.362112157      0.9956804000    
    6.372112157       1.014994481    
    6.382112157       1.027728173    
    6.392112157       1.035033794    
    6.402112157       1.040999928    
    6.412112157       1.050477552    
    6.422112157       1.066234269    
    6.432112157       1.087165236    
    6.442112157       1.109140925    
    6.452112157       1.127473130    
    6.462112157       1.138630936    
    6.472112157       1.140558364    
    6.482112157       1.132974045    
    6.492112157       1.118573658    
    6.502112157       1.103734596    
    6.512112157       1.096567306    
    6.522112157       1.102734370    
    6.532112157       1.122092724    
    6.542112157       1.148305724    
    6.552112157       1.171061277    
    6.562112157       1.179834215    
    6.572112157       1.168222883    
    6.582112157       1.136931865    
    6.592112157       1.093256501    
    6.602112157       1.046976587    
    6.612112157       1.005156055    
    6.622112157      0.9694468952    
    6.632112157      0.9378467223    
    6.642112157      0.9088228884    
    6.652112157      0.8836849205    
    6.662112157      0.8659363364    
    6.672112157      0.8594062146    
    6.682112157      0.8660458857    
    6.692112157      0.8832480295    
    6.702112157      0.9028662618    
    6.712112157      0.9149064713    
    6.722112157      0.9140365388    
    6.732112157      0.9027823188    
    6.742112157      0.8885527753    
    6.752112157      0.8781352302    
    6.762112157      0.8744580489    
    6.772112157      0.8765617112    
    6.782112157      0.8812381033    
    6.792112157      0.8852466528    
    6.802112157      0.8871347678    
    6.812112157      0.8872266202    
    6.822112157      0.8859637287    
    6.832112157      0.8831035204    
    6.842112157      0.8791363263    
    6.852112157      0.8770144959    
    6.862112157      0.8818629847    
    6.872112157      0.8983789118    
    6.882112157      0.9269581720    
    6.892112157      0.9608566760    
    6.902112157      0.9876957342    
    6.912112157      0.9957513356    
    6.922112157      0.9803977552    
    6.932112157      0.9458598838    
    6.942112157      0.9021277831    
    6.952112157      0.8596807905    
    6.962112157      0.8244108893    
    6.972112157      0.7953776237    
    6.982112157      0.7674043856    
    6.992112157      0.7366108658    
    7.002112157      0.7037841369    
    7.012112157      0.6726657943    
    7.022112157      0.6454573487    
    7.032112157      0.6204724646    
    7.042112157      0.5944321324    
    7.052112157      0.5667971485    
    7.062112157      0.5412859348    
    7.072112157      0.5231857137    
    7.082112157      0.5157295517    
    7.092112157      0.5188074255    
    7.102112157      0.5298711147    
    7.112112157      0.5451257055    
    7.122112157      0.5599894845    
    7.132112157      0.5693049720    
    7.142112157      0.5685264697    
    7.152112157      0.5561326721    
    7.162112157      0.5354407549    
    7.172112157      0.5138036866    
    7.182112157      0.4995827455    
    7.192112157      0.4990627588    
    7.202112157      0.5146176023    
    7.212112157      0.5439038132    
    7.222112157      0.5800789964    
    7.232112157      0.6140319583    
    7.242112157      0.6384577648    
    7.252112157      0.6510903297    
    7.262112157      0.6547328365    
    7.272112157      0.6548321862    
    7.282112157      0.6566404858    
    7.292112157      0.6628588704    
    7.302112157      0.6724296972    
    7.312112157      0.6817175241    
    7.322112157      0.6878496225    
    7.332112157      0.6914204156    
    7.342112157      0.6959970706    
    7.352112157      0.7051976842    
    7.362112157      0.7203478689    
    7.372112157      0.7402248405    
    7.382112157      0.7616950817    
    7.392112157      0.7798988328    
    7.402112157      0.7886109434    
    7.412112157      0.7819091378    
    7.422112157      0.7564518804    
    7.432112157      0.7126544996    
    7.442112157      0.6543985567    
    7.452112157      0.5881824117    
    7.462112157      0.5221120373    
    7.472112157      0.4644345294    
    7.482112157      0.4217687270    
    7.492112157      0.3977194606    
    7.502112157      0.3922200681    
    7.512112157      0.4014635666    
    7.522112157      0.4185143558    
    7.532112157      0.4351414057    
    7.542112157      0.4447675406    
    7.552112157      0.4448571370    
    7.562112157      0.4368893248    
    7.572112157      0.4241732568    
    7.582112157      0.4096280333    
    7.592112157      0.3952253150    
    7.602112157      0.3830197885    
    7.612112157      0.3762413651    
    7.622112157      0.3788572848    
    7.632112157      0.3936302260    
    7.642112157      0.4204502886    
    7.652112157      0.4564251036    
    7.662112157      0.4971923600    
    7.672112157      0.5378248739    
    7.682112157      0.5729348623    
    7.692112157      0.5973906075    
    7.702112157      0.6087352043    
    7.712112157      0.6098239826    
    7.722112157      0.6085091637    
    7.732112157      0.6132356228    
    7.742112157      0.6275065951    
    7.752112157      0.6476925978    
    7.762112157      0.6659704537    
    7.772112157      0.6760812162    
    7.782112157      0.6774613153    
    7.792112157      0.6748279498    
    7.802112157      0.6744321802    
    7.812112157      0.6806863333    
    7.822112157      0.6949810707    
    7.832112157      0.7154908395    
    7.842112157      0.7369741681    
    7.852112157      0.7516256178    
    7.862112157      0.7518459253    
    7.872112157      0.7334618899    
    7.882112157      0.6970448018    
    7.892112157      0.6468821904    
    7.902112157      0.5892656304    
    7.912112157      0.5314608218    
    7.922112157      0.4808534975    
    7.932112157      0.4432260292    
    7.942112157      0.4207614247    
    7.952112157      0.4115772374    
    7.962112157      0.4112481697    
    7.972112157      0.4148493264    
    7.982112157      0.4182270055    
    7.992112157      0.4184616340    
    8.002112157      0.4138013734    
    8.012112157      0.4033516786    
    8.022112157      0.3872302222    
    8.032112157      0.3674487423    
    8.042112157      0.3484359309    
    8.052112157      0.3359835182    
    8.062112157      0.3347144304    
    8.072112157      0.3451892325    
    8.082112157      0.3624113129    
    8.092112157      0.3777720016    
    8.102112157      0.3841751518    
    8.112112157      0.3801422902    
    8.122112157      0.3690841203    
    8.132112157      0.3554413368    
    8.142112157      0.3423059701    
    8.152112157      0.3317596328    
    8.162112157      0.3254614259    
    8.172112157      0.3238896982    
    8.182112157      0.3255230955    
    8.192112157      0.3277626380    
    8.202112157      0.3291395184    
    8.212112157      0.3305387607    
    8.222112157      0.3342877094    
    8.232112157      0.3423600791    
    8.242112157      0.3553797660    
    8.252112157      0.3726630296    
    8.262112157      0.3927816279    
    8.272112157      0.4143479502    
    8.282112157      0.4362110468    
    8.292112157      0.4559988566    
    8.302112157      0.4683175198    
    8.312112157      0.4661539160    
    8.322112157      0.4459643727    
    8.332112157      0.4114192104    
    8.342112157      0.3713080758    
    8.352112157      0.3337422294    
    8.362112157      0.3023769427    
    8.372112157      0.2770268382    
    8.382112157      0.2564512138    
    8.392112157      0.2402515782    
    8.402112157      0.2287743024    
    8.412112157      0.2218817531    
    8.422112157      0.2180150183    
    8.432112157      0.2142093377    
    8.442112157      0.2069829590    
    8.452112157      0.1939533397    
    8.462112157      0.1755365148    
    8.472112157      0.1551608536    
    8.482112157      0.1372455631    
    8.492112157      0.1246679545    
    8.502112157      0.1180145449    
    8.512112157      0.1165920718    
    8.522112157      0.1195818524    
    8.532112157      0.1267231474    
    8.542112157      0.1388716186    
    8.552112157      0.1579023252    
    8.562112157      0.1848480259    
    8.572112157      0.2170151597    
    8.582112157      0.2472177004    
    8.592112157      0.2672374223    
    8.602112157      0.2731184835    
    8.612112157      0.2674284784    
    8.622112157      0.2567049136    
    8.632112157      0.2468700379    
    8.642112157      0.2401774991    
    8.652112157      0.2351286932    
    8.662112157      0.2289182731    
    8.672112157      0.2206205382    
    8.682112157      0.2125840736    
    8.692112157      0.2087469171    
    8.702112157      0.2112089718    
    8.712112157      0.2179522650    
    8.722112157      0.2237883950    
    8.732112157      0.2238983464    
    8.742112157      0.2169448685    
    8.752112157      0.2053052191    
    8.762112157      0.1929183637    
    8.772112157      0.1830978304    
    8.782112157      0.1777012818    
    8.792112157      0.1771910177    
    8.802112157      0.1808356427    
    8.812112157      0.1871096863    
    8.822112157      0.1942320719    
    8.832112157      0.2002022840    
    8.842112157      0.2024286888    
    8.852112157      0.1980639356    
    8.862112157      0.1853739049    
    8.872112157      0.1650072462    
    8.882112157      0.1401688516    
    8.892112157      0.1157941693    
    8.902112157      0.9714308158E-01
    8.912112157      0.8807131406E-01
    8.922112157      0.8953759623E-01
    8.932112157      0.9921434485E-01
    8.942112157      0.1125369224    
    8.952112157      0.1244764382    
    8.962112157      0.1309441534    
    8.972112157      0.1295029782    
    8.982112157      0.1198885787    
    8.992112157      0.1045035793    
    9.002112157      0.8810755408E-01
    9.012112157      0.7601288789E-01
    9.022112157      0.7148107409E-01
    9.032112157      0.7415198457E-01
    9.042112157      0.8080782990E-01
    9.052112157      0.8790555861E-01
    9.062112157      0.9383200449E-01
    9.072112157      0.9912233423E-01
    9.082112157      0.1046606597    
    9.092112157      0.1095921197    
    9.102112157      0.1109390191    
    9.112112157      0.1055544950    
    9.122112157      0.9302862340E-01
    9.132112157      0.7703420737E-01
    9.142112157      0.6362189056E-01
    9.152112157      0.5765257897E-01
    9.162112157      0.6027999563E-01
    9.172112157      0.6917152792E-01
    9.182112157      0.8050399642E-01
    9.192112157      0.9082711893E-01
    9.202112157      0.9802330259E-01
    9.212112157      0.1015584020    
    9.222112157      0.1020833334    
    9.232112157      0.1004567615    
    9.242112157      0.9694346040E-01
    9.252112157      0.9143491828E-01
    9.262112157      0.8438163458E-01
    9.272112157      0.7719238548E-01
    9.282112157      0.7153123998E-01
    9.292112157      0.6824292639E-01
    9.302112157      0.6686962387E-01
    9.312112157      0.6602066246E-01
    9.322112157      0.6428614566E-01
    9.332112157      0.6114148863E-01
    9.342112157      0.5721631525E-01
    9.352112157      0.5364434021E-01
    9.362112157      0.5095817667E-01
    9.372112157      0.4850892628E-01
    9.382112157      0.4504767529E-01
    9.392112157      0.4001393218E-01
    9.402112157      0.3430239236E-01
    9.412112157      0.2982279587E-01
    9.422112157      0.2841457832E-01
    9.432112157      0.3105599983E-01
    9.442112157      0.3759410616E-01
    9.452112157      0.4667881820E-01
    9.462112157      0.5586696554E-01
    9.472112157      0.6223478002E-01
    9.482112157      0.6352188274E-01
    9.492112157      0.5915904930E-01
    9.502112157      0.5042010634E-01
    9.512112157      0.3962288908E-01
    9.522112157      0.2906353274E-01
    9.532112157      0.2042343265E-01
    9.542112157      0.1477719061E-01
    9.552112157      0.1278523316E-01
    9.562112157      0.1468079399E-01
    9.572112157      0.2003489927E-01
    9.582112157      0.2758807189E-01
    9.592112157      0.3550335069E-01
    9.602112157      0.4209425233E-01
    9.612112157      0.4653603006E-01
    9.622112157      0.4895802067E-01
    9.632112157      0.4994427374E-01
    9.642112157      0.5002275282E-01
    9.652112157      0.4949949273E-01
    9.662112157      0.4850151976E-01
    9.672112157      0.4702282049E-01
    9.682112157      0.4495528716E-01
    9.692112157      0.4212558691E-01
    9.702112157      0.3833579266E-01
    9.712112157      0.3350429951E-01
    9.722112157      0.2798410847E-01
    9.732112157      0.2278802651E-01
    9.742112157      0.1923201363E-01
    9.752112157      0.1799848438E-01
    9.762112157      0.1842664374E-01
    9.772112157      0.1884727626E-01
    9.782112157      0.1776395999E-01
    9.792112157      0.1482618965E-01
    9.802112157      0.1085362427E-01
    9.812112157      0.7140757676E-02
    9.822112157      0.4755335314E-02
    9.832112157      0.4257890314E-02
    9.842112157      0.5765891339E-02
    9.852112157      0.9079439524E-02
    9.862112157      0.1373332909E-01
    9.872112157      0.1904533035E-01
    9.882112157      0.2422245350E-01
    9.892112157      0.2846348615E-01
    9.902112157      0.3101826041E-01
    9.912112157      0.3128342802E-01
    9.922112157      0.2899088953E-01
    9.932112157      0.2440660197E-01
    9.942112157      0.1839085423E-01
    9.952112157      0.1219587963E-01
    9.962112157      0.7003823947E-02
    9.972112157      0.3461072090E-02
    9.982112157      0.1564161591E-02
    9.992112157      0.9443181527E-03
    10.00211216      0.1209345859E-02
    10.01211216      0.2019135076E-02
    10.02211216      0.2952230444E-02
    10.03211216      0.3497992649E-02
    10.04211216      0.3324014704E-02
    10.05211216      0.2529905355E-02
    10.06211216      0.1541942004E-02
    10.07211216      0.7525657011E-03
    10.08211216      0.2941251401E-03
    10.09211216      0.9205154453E-04
    10.10211216      0.2306966210E-04
    10.11211216      0.4629804377E-05
    10.12211216      0.7440383785E-06
    10.13211216      0.9575012646E-07
    10.14211216      0.9867218126E-08
    10.15211216      0.8142569722E-09
    10.16211216      0.5380710871E-10
    10.17211216      0.2847274027E-11
    10.18211216      0.1206508380E-12
    10.19211216      0.4093953527E-14
    10.20211216      0.1112415383E-15
    10.21211216      0.2420486116E-17
    10.22211216      0.4217448201E-19
    10.23211216      0.5884485368E-21
    10.24211216      0.6574743309E-23
    10.25211216      0.5882483458E-25
    10.26211216      0.4214579382E-27
    10.27211216      0.2418017186E-29
    10.28211216      0.1110903050E-31
    10.29211216      0.4086999387E-34
    10.30211216      0.1204050299E-36
    10.31211216      0.2840510081E-39
    10.32211216      0.5366111470E-42
    10.33211216      0.8117731753E-45
    10.34211216       0.000000000    
    10.35211216       0.000000000    
    10.36211216       0.000000000    
    10.37211216       0.000000000    
    10.38211216       0.000000000    
    10.39211216       0.000000000    
    10.40211216       0.000000000    
    10.41211216       0.000000000    
    10.42211216       0.000000000    
    10.43211216       0.000000000    
    10.44211216       0.000000000    
    10.45211216       0.000000000    
    10.46211216       0.000000000    
    10.47211216       0.000000000    
    10.48211216       0.000000000    
    10.49211216       0.000000000    
    10.50211216       0.000000000    
    10.51211216       0.000000000    
    10.52211216       0.000000000    
    10.53211216       0.000000000    
    10.54211216       0.000000000    
    10.55211216       0.000000000    
    10.56211216       0.000000000    
    10.57211216       0.000000000    
    10.58211216       0.000000000    
    10.59211216       0.000000000    
    10.60211216       0.000000000    
    10.61211216       0.000000000    
    10.62211216       0.000000000    
    10.63211216       0.000000000    
    10.64211216       0.000000000    
    10.65211216       0.000000000    
    10.66211216       0.000000000    
    10.67211216       0.000000000    
    10.68211216       0.000000000    
    10.69211216       0.000000000    
