  0.00000000E+00 -0.11931188E+02
  0.19991531E-01 -0.11928831E+02
  0.39983063E-01 -0.11923554E+02
  0.59974594E-01 -0.11915413E+02
  0.79966126E-01 -0.11904729E+02
  0.99957657E-01 -0.11891833E+02
  0.11994919E+00 -0.11877018E+02
  0.13994072E+00 -0.11860503E+02
  0.15993225E+00 -0.11842396E+02
  0.17992378E+00 -0.11822661E+02
  0.19991531E+00 -0.11801121E+02
  0.21990685E+00 -0.11779193E+02
  0.23989838E+00 -0.11755763E+02
  0.25988991E+00 -0.11728824E+02
  0.27988144E+00 -0.11697640E+02
  0.29987297E+00 -0.11661717E+02
  0.31986450E+00 -0.11620873E+02
  0.33985604E+00 -0.11575275E+02
  0.35984757E+00 -0.11525417E+02
  0.37983910E+00 -0.11472043E+02
  0.39983063E+00 -0.11417249E+02
  0.41982216E+00 -0.11362224E+02
  0.43981369E+00 -0.11305668E+02
  0.45980522E+00 -0.11247893E+02
  0.47979676E+00 -0.11189055E+02
  0.49978829E+00 -0.11129146E+02
  0.51977982E+00 -0.11068017E+02
  0.53977135E+00 -0.11005427E+02
  0.55976288E+00 -0.10941104E+02
  0.57975441E+00 -0.10874807E+02
  0.59974594E+00 -0.10806396E+02
  0.61973748E+00 -0.10735963E+02
  0.63972901E+00 -0.10663741E+02
  0.65972054E+00 -0.10589695E+02
  0.67971207E+00 -0.10514211E+02
  0.69970360E+00 -0.10437900E+02
  0.71969513E+00 -0.10361427E+02
  0.73968667E+00 -0.10285442E+02
  0.75967820E+00 -0.10210535E+02
  0.77966973E+00 -0.10137225E+02
  0.79966126E+00 -0.10065982E+02
  0.81965279E+00 -0.99972220E+01
  0.83964432E+00 -0.99313252E+01
  0.85963585E+00 -0.98687910E+01
  0.87962739E+00 -0.98103769E+01
  0.89961892E+00 -0.97571491E+01
  0.91961045E+00 -0.97104695E+01
  0.93960198E+00 -0.96719066E+01
  0.95959351E+00 -0.96430688E+01
  0.97958504E+00 -0.96253876E+01
  0.99957657E+00 -0.96199948E+01
  0.10194827E+01 -0.96244868E+01
  0.10393888E+01 -0.96255250E+01
  0.10592949E+01 -0.96222444E+01
  0.10792010E+01 -0.96142325E+01
  0.10991072E+01 -0.96014266E+01
  0.11190133E+01 -0.95841413E+01
  0.11389194E+01 -0.95630584E+01
  0.11588255E+01 -0.95391877E+01
  0.11787316E+01 -0.95137399E+01
  0.11986378E+01 -0.94876103E+01
  0.12185439E+01 -0.94606887E+01
  0.12384500E+01 -0.94322118E+01
  0.12583561E+01 -0.94014518E+01
  0.12782622E+01 -0.93678767E+01
  0.12981684E+01 -0.93311354E+01
  0.13180745E+01 -0.92911292E+01
  0.13379806E+01 -0.92527553E+01
  0.13578867E+01 -0.92134363E+01
  0.13777928E+01 -0.91703488E+01
  0.13976989E+01 -0.91230515E+01
  0.14176051E+01 -0.90714179E+01
  0.14375112E+01 -0.90156547E+01
  0.14574173E+01 -0.89562855E+01
  0.14773234E+01 -0.88940812E+01
  0.14972295E+01 -0.88299373E+01
  0.15171357E+01 -0.87646987E+01
  0.15370418E+01 -0.86989289E+01
  0.15569479E+01 -0.86327017E+01
  0.15768540E+01 -0.85656361E+01
  0.15967601E+01 -0.84972021E+01
  0.16166662E+01 -0.84270056E+01
  0.16365724E+01 -0.83549230E+01
  0.16564785E+01 -0.82820167E+01
  0.16763846E+01 -0.82101475E+01
  0.16962907E+01 -0.81366188E+01
  0.17161968E+01 -0.80612358E+01
  0.17361030E+01 -0.79841817E+01
  0.17560091E+01 -0.79057589E+01
  0.17759152E+01 -0.78263471E+01
  0.17958213E+01 -0.77464882E+01
  0.18157274E+01 -0.76806563E+01
  
  0.00000000E+00 -0.11929965E+02
  0.19991531E-01 -0.11927010E+02
  0.39983063E-01 -0.11920450E+02
  0.59974594E-01 -0.11910866E+02
  0.79966126E-01 -0.11898781E+02
  0.99957657E-01 -0.11884802E+02
  0.11994919E+00 -0.11869506E+02
  0.13994072E+00 -0.11853326E+02
  0.15993225E+00 -0.11836455E+02
  0.17992378E+00 -0.11818783E+02
  0.19991531E+00 -0.11799891E+02
  0.21990685E+00 -0.11777370E+02
  0.23989838E+00 -0.11751097E+02
  0.25988991E+00 -0.11721786E+02
  0.27988144E+00 -0.11689040E+02
  0.29987297E+00 -0.11652574E+02
  0.31986450E+00 -0.11612281E+02
  0.33985604E+00 -0.11568251E+02
  0.35984757E+00 -0.11520763E+02
  0.37983910E+00 -0.11470245E+02
  0.39983063E+00 -0.11415996E+02
  0.41982216E+00 -0.11358234E+02
  0.43981369E+00 -0.11299476E+02
  0.45980522E+00 -0.11240270E+02
  0.47979676E+00 -0.11180870E+02
  0.49978829E+00 -0.11121229E+02
  0.51977982E+00 -0.11061047E+02
  0.53977135E+00 -0.10999848E+02
  0.55976288E+00 -0.10937095E+02
  0.57975441E+00 -0.10872298E+02
  0.59974594E+00 -0.10805099E+02
  0.61973748E+00 -0.10735252E+02
  0.63972901E+00 -0.10662778E+02
  0.65972054E+00 -0.10588361E+02
  0.67971207E+00 -0.10512611E+02
  0.69970360E+00 -0.10436148E+02
  0.71969513E+00 -0.10359640E+02
  0.73968667E+00 -0.10283736E+02
  0.75967820E+00 -0.10208996E+02
  0.77966973E+00 -0.10135851E+02
  0.79966126E+00 -0.10064601E+02
  0.81965279E+00 -0.99955310E+01
  0.83964432E+00 -0.99290706E+01
  0.85963585E+00 -0.98658498E+01
  0.87962739E+00 -0.98067544E+01
  0.89961892E+00 -0.97529872E+01
  0.91961045E+00 -0.97060554E+01
  0.93960198E+00 -0.96676572E+01
  0.95959351E+00 -0.96394702E+01
  0.97958504E+00 -0.96228674E+01
  0.99957657E+00 -0.96185279E+01
  0.10194827E+01 -0.96170692E+01
  0.10393888E+01 -0.96120083E+01
  0.10592949E+01 -0.96036911E+01
  0.10792010E+01 -0.95923668E+01
  0.10991072E+01 -0.95783311E+01
  0.11190133E+01 -0.95618711E+01
  0.11389194E+01 -0.95431801E+01
  0.11588255E+01 -0.95222491E+01
  0.11787316E+01 -0.94988241E+01
  0.11986378E+01 -0.94727676E+01
  0.12185439E+01 -0.94446381E+01
  0.12384500E+01 -0.94152890E+01
  0.12583561E+01 -0.93851941E+01
  0.12782622E+01 -0.93543504E+01
  0.12981684E+01 -0.93223873E+01
  0.13180745E+01 -0.92886012E+01
  0.13379806E+01 -0.92473228E+01
  0.13578867E+01 -0.92004950E+01
  0.13777928E+01 -0.91505441E+01
  0.13976989E+01 -0.90978331E+01
  0.14176051E+01 -0.90427736E+01
  0.14375112E+01 -0.89857978E+01
  0.14574173E+01 -0.89272988E+01
  0.14773234E+01 -0.88675644E+01
  0.14972295E+01 -0.88067286E+01
  0.15171357E+01 -0.87447777E+01
  0.15370418E+01 -0.86816572E+01
  0.15569479E+01 -0.86174303E+01
  0.15768540E+01 -0.85522773E+01
  0.15967601E+01 -0.84862955E+01
  0.16166662E+01 -0.84193593E+01
  0.16365724E+01 -0.83511320E+01
  0.16564785E+01 -0.82802640E+01
  0.16763846E+01 -0.82048399E+01
  0.16962907E+01 -0.81277323E+01
  0.17161968E+01 -0.80494952E+01
  0.17361030E+01 -0.79704183E+01
  0.17560091E+01 -0.78907340E+01
  0.17759152E+01 -0.78106715E+01
  0.17958213E+01 -0.77306574E+01
  0.18157274E+01 -0.76646497E+01
  
  0.00000000E+00 -0.49058407E-01
  0.19991531E-01 -0.56220123E-01
  0.39983063E-01 -0.86409499E-01
  0.59974594E-01 -0.15127809E+00
  0.79966126E-01 -0.24630701E+00
  0.99957657E-01 -0.36519937E+00
  0.11994919E+00 -0.50314627E+00
  0.13994072E+00 -0.65574477E+00
  0.15993225E+00 -0.81892279E+00
  0.17992378E+00 -0.98914246E+00
  0.19991531E+00 -0.11639143E+01
  0.21990685E+00 -0.13431731E+01
  0.23989838E+00 -0.15241511E+01
  0.25988991E+00 -0.17057250E+01
  0.27988144E+00 -0.18879994E+01
  0.29987297E+00 -0.20714581E+01
  0.31986450E+00 -0.22566830E+01
  0.33985604E+00 -0.24441178E+01
  0.35984757E+00 -0.26338842E+01
  0.37983910E+00 -0.28256911E+01
  0.39983063E+00 -0.30196466E+01
  0.41982216E+00 -0.32182202E+01
  0.43981369E+00 -0.34156147E+01
  0.45980522E+00 -0.36094986E+01
  0.47979676E+00 -0.37981195E+01
  0.49978829E+00 -0.39802531E+01
  0.51977982E+00 -0.41553394E+01
  0.53977135E+00 -0.43235172E+01
  0.55976288E+00 -0.44855500E+01
  0.57975441E+00 -0.46426679E+01
  0.59974594E+00 -0.47965732E+01
  0.61973748E+00 -0.49532726E+01
  0.63972901E+00 -0.51092498E+01
  0.65972054E+00 -0.52638825E+01
  0.67971207E+00 -0.54170437E+01
  0.69970360E+00 -0.55682556E+01
  0.71969513E+00 -0.57167293E+01
  0.73968667E+00 -0.58614534E+01
  0.75967820E+00 -0.60013037E+01
  0.77966973E+00 -0.61351578E+01
  0.79966126E+00 -0.62629196E+01
  0.81965279E+00 -0.63859637E+01
  0.83964432E+00 -0.64994005E+01
  0.85963585E+00 -0.66020830E+01
  0.87962739E+00 -0.66931307E+01
  0.89961892E+00 -0.67717726E+01
  0.91961045E+00 -0.68372770E+01
  0.93960198E+00 -0.68889156E+01
  0.95959351E+00 -0.69259832E+01
  0.97958504E+00 -0.69478778E+01
  0.99957657E+00 -0.69542388E+01
  0.10194827E+01 -0.69544220E+01
  0.10393888E+01 -0.69527606E+01
  0.10592949E+01 -0.69490967E+01
  0.10792010E+01 -0.69436351E+01
  0.10991072E+01 -0.69374626E+01
  0.11190133E+01 -0.69317223E+01
  0.11389194E+01 -0.69256860E+01
  0.11588255E+01 -0.69186814E+01
  0.11787316E+01 -0.69103666E+01
  0.11986378E+01 -0.69005598E+01
  0.12185439E+01 -0.68892192E+01
  0.12384500E+01 -0.68764540E+01
  0.12583561E+01 -0.68625294E+01
  0.12782622E+01 -0.68478586E+01
  0.12981684E+01 -0.68329777E+01
  0.13180745E+01 -0.68185539E+01
  0.13379806E+01 -0.68098015E+01
  0.13578867E+01 -0.68036431E+01
  0.13777928E+01 -0.67980818E+01
  0.13976989E+01 -0.67932767E+01
  0.14176051E+01 -0.67895849E+01
  0.14375112E+01 -0.67875586E+01
  0.14574173E+01 -0.67879366E+01
  0.14773234E+01 -0.67916169E+01
  0.14972295E+01 -0.67995603E+01
  0.15171357E+01 -0.68125884E+01
  0.15370418E+01 -0.68312662E+01
  0.15569479E+01 -0.68560533E+01
  0.15768540E+01 -0.68874448E+01
  0.15967601E+01 -0.69259149E+01
  0.16166662E+01 -0.69717605E+01
  0.16365724E+01 -0.70249846E+01
  0.16564785E+01 -0.70864919E+01
  0.16763846E+01 -0.71552438E+01
  0.16962907E+01 -0.72278717E+01
  0.17161968E+01 -0.73025158E+01
  0.17361030E+01 -0.73776743E+01
  0.17560091E+01 -0.74523808E+01
  0.17759152E+01 -0.75262481E+01
  0.17958213E+01 -0.75991202E+01
  0.18157274E+01 -0.76559196E+01
  
  0.00000000E+00 -0.48386267E-01
  0.19991531E-01 -0.52548334E-01
  0.39983063E-01 -0.77257713E-01
  0.59974594E-01 -0.13693399E+00
  0.79966126E-01 -0.22971333E+00
  0.99957657E-01 -0.34881910E+00
  0.11994919E+00 -0.48868968E+00
  0.13994072E+00 -0.64424396E+00
  0.15993225E+00 -0.81087116E+00
  0.17992378E+00 -0.98464287E+00
  0.19991531E+00 -0.11621814E+01
  0.21990685E+00 -0.13394986E+01
  0.23989838E+00 -0.15171312E+01
  0.25988991E+00 -0.16955941E+01
  0.27988144E+00 -0.18754131E+01
  0.29987297E+00 -0.20574556E+01
  0.31986450E+00 -0.22426339E+01
  0.33985604E+00 -0.24315909E+01
  0.35984757E+00 -0.26244496E+01
  0.37983910E+00 -0.28206595E+01
  0.39983063E+00 -0.30181681E+01
  0.41982216E+00 -0.32116667E+01
  0.43981369E+00 -0.34036041E+01
  0.45980522E+00 -0.35929364E+01
  0.47979676E+00 -0.37785008E+01
  0.49978829E+00 -0.39594647E+01
  0.51977982E+00 -0.41354313E+01
  0.53977135E+00 -0.43064568E+01
  0.55976288E+00 -0.44729872E+01
  0.57975441E+00 -0.46357275E+01
  0.59974594E+00 -0.47952534E+01
  0.61973748E+00 -0.49477686E+01
  0.63972901E+00 -0.50985576E+01
  0.65972054E+00 -0.52492812E+01
  0.67971207E+00 -0.54002084E+01
  0.69970360E+00 -0.55510295E+01
  0.71969513E+00 -0.57009099E+01
  0.73968667E+00 -0.58485943E+01
  0.75967820E+00 -0.59925515E+01
  0.77966973E+00 -0.61311249E+01
  0.79966126E+00 -0.62617398E+01
  0.81965279E+00 -0.63806154E+01
  0.83964432E+00 -0.64905604E+01
  0.85963585E+00 -0.65909278E+01
  0.87962739E+00 -0.66809790E+01
  0.89961892E+00 -0.67598988E+01
  0.91961045E+00 -0.68267527E+01
  0.93960198E+00 -0.68804988E+01
  0.95959351E+00 -0.69200705E+01
  0.97958504E+00 -0.69445208E+01
  0.99957657E+00 -0.69531628E+01
  0.10194827E+01 -0.69502550E+01
  0.10393888E+01 -0.69468247E+01
  0.10592949E+01 -0.69430085E+01
  0.10792010E+01 -0.69385524E+01
  0.10991072E+01 -0.69323404E+01
  0.11190133E+01 -0.69232642E+01
  0.11389194E+01 -0.69121786E+01
  0.11588255E+01 -0.68999786E+01
  0.11787316E+01 -0.68873108E+01
  0.11986378E+01 -0.68747216E+01
  0.12185439E+01 -0.68626543E+01
  0.12384500E+01 -0.68514240E+01
  0.12583561E+01 -0.68412036E+01
  0.12782622E+01 -0.68320283E+01
  0.12981684E+01 -0.68238182E+01
  0.13180745E+01 -0.68163706E+01
  0.13379806E+01 -0.68049481E+01
  0.13578867E+01 -0.67931274E+01
  0.13777928E+01 -0.67834417E+01
  0.13976989E+01 -0.67763229E+01
  0.14176051E+01 -0.67720811E+01
  0.14375112E+01 -0.67709323E+01
  0.14574173E+01 -0.67730355E+01
  0.14773234E+01 -0.67785493E+01
  0.14972295E+01 -0.67877468E+01
  0.15171357E+01 -0.68012150E+01
  0.15370418E+01 -0.68199319E+01
  0.15569479E+01 -0.68450211E+01
  0.15768540E+01 -0.68774499E+01
  0.15967601E+01 -0.69178549E+01
  0.16166662E+01 -0.69664234E+01
  0.16365724E+01 -0.70227492E+01
  0.16564785E+01 -0.70844824E+01
  0.16763846E+01 -0.71502222E+01
  0.16962907E+01 -0.72201940E+01
  0.17161968E+01 -0.72928973E+01
  0.17361030E+01 -0.73668114E+01
  0.17560091E+01 -0.74406734E+01
  0.17759152E+01 -0.75136484E+01
  0.17958213E+01 -0.75854110E+01
  0.18157274E+01 -0.76440355E+01
  
  0.00000000E+00 -0.20913700E-02
  0.19991531E-01 -0.10633399E-01
  0.39983063E-01 -0.30957038E-01
  0.59974594E-01 -0.49645205E-01
  0.79966126E-01 -0.69513037E-01
  0.99957657E-01 -0.91468702E-01
  0.11994919E+00 -0.11531297E+00
  0.13994072E+00 -0.14088513E+00
  0.15993225E+00 -0.16822344E+00
  0.17992378E+00 -0.19756550E+00
  0.19991531E+00 -0.23032761E+00
  0.21990685E+00 -0.26966421E+00
  0.23989838E+00 -0.31098713E+00
  0.25988991E+00 -0.35316559E+00
  0.27988144E+00 -0.39512484E+00
  0.29987297E+00 -0.43593360E+00
  0.31986450E+00 -0.47488740E+00
  0.33985604E+00 -0.51157545E+00
  0.35984757E+00 -0.54592005E+00
  0.37983910E+00 -0.57817508E+00
  0.39983063E+00 -0.60890164E+00
  0.41982216E+00 -0.64440132E+00
  0.43981369E+00 -0.68067851E+00
  0.45980522E+00 -0.71645666E+00
  0.47979676E+00 -0.75149325E+00
  0.49978829E+00 -0.78558514E+00
  0.51977982E+00 -0.81860386E+00
  0.53977135E+00 -0.85054433E+00
  0.55976288E+00 -0.88158553E+00
  0.57975441E+00 -0.91213079E+00
  0.59974594E+00 -0.94346061E+00
  0.61973748E+00 -0.97757220E+00
  0.63972901E+00 -0.10096811E+01
  0.65972054E+00 -0.10389678E+01
  0.67971207E+00 -0.10648054E+01
  0.69970360E+00 -0.10868462E+01
  0.71969513E+00 -0.11051669E+01
  0.73968667E+00 -0.11202760E+01
  0.75967820E+00 -0.11330106E+01
  0.77966973E+00 -0.11443556E+01
  0.79966126E+00 -0.11557504E+01
  0.81965279E+00 -0.11695270E+01
  0.83964432E+00 -0.11830152E+01
  0.85963585E+00 -0.11955318E+01
  0.87962739E+00 -0.12066164E+01
  0.89961892E+00 -0.12158808E+01
  0.91961045E+00 -0.12230010E+01
  0.93960198E+00 -0.12277276E+01
  0.95959351E+00 -0.12299201E+01
  0.97958504E+00 -0.12295920E+01
  0.99957657E+00 -0.12269503E+01
  0.10194827E+01 -0.12418295E+01
  0.10393888E+01 -0.12856161E+01
  0.10592949E+01 -0.13536252E+01
  0.10792010E+01 -0.14386524E+01
  0.10991072E+01 -0.15351029E+01
  0.11190133E+01 -0.16392347E+01
  0.11389194E+01 -0.17488563E+01
  0.11588255E+01 -0.18628500E+01
  0.11787316E+01 -0.19808004E+01
  0.11986378E+01 -0.21027177E+01
  0.12185439E+01 -0.22287538E+01
  0.12384500E+01 -0.23589302E+01
  0.12583561E+01 -0.24929249E+01
  0.12782622E+01 -0.26299345E+01
  0.12981684E+01 -0.27686217E+01
  0.13180745E+01 -0.29071872E+01
  0.13379806E+01 -0.30488016E+01
  0.13578867E+01 -0.31869739E+01
  0.13777928E+01 -0.33172447E+01
  0.13976989E+01 -0.34373679E+01
  0.14176051E+01 -0.35459060E+01
  0.14375112E+01 -0.36423863E+01
  0.14574173E+01 -0.37273065E+01
  0.14773234E+01 -0.38019719E+01
  0.14972295E+01 -0.38680971E+01
  0.15171357E+01 -0.39270875E+01
  0.15370418E+01 -0.39794329E+01
  0.15569479E+01 -0.40248221E+01
  0.15768540E+01 -0.40625443E+01
  0.15967601E+01 -0.40917292E+01
  0.16166662E+01 -0.41115082E+01
  0.16365724E+01 -0.41211780E+01
  0.16564785E+01 -0.41230718E+01
  0.16763846E+01 -0.41209592E+01
  0.16962907E+01 -0.41079491E+01
  0.17161968E+01 -0.40838078E+01
  0.17361030E+01 -0.40488617E+01
  0.17560091E+01 -0.40039886E+01
  0.17759152E+01 -0.39506064E+01
  0.17958213E+01 -0.38911211E+01
  0.18157274E+01 -0.38527410E+01
  
  0.00000000E+00 -0.15585272E-02
  0.19991531E-01 -0.63942932E-02
  0.39983063E-01 -0.25413356E-01
  0.59974594E-01 -0.45486676E-01
  0.79966126E-01 -0.63465823E-01
  0.99957657E-01 -0.83149201E-01
  0.11994919E+00 -0.10574420E+00
  0.13994072E+00 -0.13158873E+00
  0.15993225E+00 -0.16090096E+00
  0.17992378E+00 -0.19383415E+00
  0.19991531E+00 -0.22916160E+00
  0.21990685E+00 -0.26333651E+00
  0.23989838E+00 -0.29986918E+00
  0.25988991E+00 -0.33827207E+00
  0.27988144E+00 -0.37777032E+00
  0.29987297E+00 -0.41757951E+00
  0.31986450E+00 -0.45707648E+00
  0.33985604E+00 -0.49586288E+00
  0.35984757E+00 -0.53380030E+00
  0.37983910E+00 -0.57102085E+00
  0.39983063E+00 -0.60778762E+00
  0.41982216E+00 -0.63871193E+00
  0.43981369E+00 -0.66852559E+00
  0.45980522E+00 -0.69902679E+00
  0.47979676E+00 -0.73076008E+00
  0.49978829E+00 -0.76397631E+00
  0.51977982E+00 -0.79864178E+00
  0.53977135E+00 -0.83448399E+00
  0.55976288E+00 -0.87099702E+00
  0.57975441E+00 -0.90748203E+00
  0.59974594E+00 -0.94236882E+00
  0.61973748E+00 -0.97294321E+00
  0.63972901E+00 -0.10024296E+01
  0.65972054E+00 -0.10297785E+01
  0.67971207E+00 -0.10542809E+01
  0.69970360E+00 -0.10758084E+01
  0.71969513E+00 -0.10946485E+01
  0.73968667E+00 -0.11113513E+01
  0.75967820E+00 -0.11266077E+01
  0.77966973E+00 -0.11410911E+01
  0.79966126E+00 -0.11546642E+01
  0.81965279E+00 -0.11655001E+01
  0.83964432E+00 -0.11759766E+01
  0.85963585E+00 -0.11860698E+01
  0.87962739E+00 -0.11954790E+01
  0.89961892E+00 -0.12039564E+01
  0.91961045E+00 -0.12113424E+01
  0.93960198E+00 -0.12174851E+01
  0.95959351E+00 -0.12221440E+01
  0.97958504E+00 -0.12250152E+01
  0.99957657E+00 -0.12258646E+01
  0.10194827E+01 -0.12330913E+01
  0.10393888E+01 -0.12720742E+01
  0.10592949E+01 -0.13361455E+01
  0.10792010E+01 -0.14186458E+01
  0.10991072E+01 -0.15136243E+01
  0.11190133E+01 -0.16165109E+01
  0.11389194E+01 -0.17245812E+01
  0.11588255E+01 -0.18368427E+01
  0.11787316E+01 -0.19534441E+01
  0.11986378E+01 -0.20749752E+01
  0.12185439E+01 -0.22019631E+01
  0.12384500E+01 -0.23345887E+01
  0.12583561E+01 -0.24725255E+01
  0.12782622E+01 -0.26148303E+01
  0.12981684E+01 -0.27598850E+01
  0.13180745E+01 -0.29054011E+01
  0.13379806E+01 -0.30432933E+01
  0.13578867E+01 -0.31748236E+01
  0.13777928E+01 -0.32995401E+01
  0.13976989E+01 -0.34157119E+01
  0.14176051E+01 -0.35221958E+01
  0.14375112E+01 -0.36184850E+01
  0.14574173E+01 -0.37046041E+01
  0.14773234E+01 -0.37808945E+01
  0.14972295E+01 -0.38478518E+01
  0.15171357E+01 -0.39062329E+01
  0.15370418E+01 -0.39571439E+01
  0.15569479E+01 -0.40016051E+01
  0.15768540E+01 -0.40400710E+01
  0.15967601E+01 -0.40723307E+01
  0.16166662E+01 -0.40976406E+01
  0.16365724E+01 -0.41149299E+01
  0.16564785E+01 -0.41203076E+01
  0.16763846E+01 -0.41089918E+01
  0.16962907E+01 -0.40876388E+01
  0.17161968E+01 -0.40571370E+01
  0.17361030E+01 -0.40187065E+01
  0.17560091E+01 -0.39738744E+01
  0.17759152E+01 -0.39246794E+01
  0.17958213E+01 -0.38752107E+01
  0.18157274E+01 -0.38385512E+01
  
  0.00000000E+00 -0.84507507E-03
  0.19991531E-01 -0.41189804E-02
  0.39983063E-01 -0.12297099E-01
  0.59974594E-01 -0.23409201E-01
  0.79966126E-01 -0.38209412E-01
  0.99957657E-01 -0.56864218E-01
  0.11994919E+00 -0.79339642E-01
  0.13994072E+00 -0.10536469E+00
  0.15993225E+00 -0.13441784E+00
  0.17992378E+00 -0.16581897E+00
  0.19991531E+00 -0.19920005E+00
  0.21990685E+00 -0.23619621E+00
  0.23989838E+00 -0.27466480E+00
  0.25988991E+00 -0.31360313E+00
  0.27988144E+00 -0.35274521E+00
  0.29987297E+00 -0.39185206E+00
  0.31986450E+00 -0.43061932E+00
  0.33985604E+00 -0.46873315E+00
  0.35984757E+00 -0.50598081E+00
  0.37983910E+00 -0.54235376E+00
  0.39983063E+00 -0.57784892E+00
  0.41982216E+00 -0.61250837E+00
  0.43981369E+00 -0.64676516E+00
  0.45980522E+00 -0.68083297E+00
  0.47979676E+00 -0.71485375E+00
  0.49978829E+00 -0.74889264E+00
  0.51977982E+00 -0.78286451E+00
  0.53977135E+00 -0.81651291E+00
  0.55976288E+00 -0.84948765E+00
  0.57975441E+00 -0.88141579E+00
  0.59974594E+00 -0.91227149E+00
  0.61973748E+00 -0.94327045E+00
  0.63972901E+00 -0.97200702E+00
  0.65972054E+00 -0.99830136E+00
  0.67971207E+00 -0.10222962E+01
  0.69970360E+00 -0.10440915E+01
  0.71969513E+00 -0.10638039E+01
  0.73968667E+00 -0.10815767E+01
  0.75967820E+00 -0.10975361E+01
  0.77966973E+00 -0.11117460E+01
  0.79966126E+00 -0.11243244E+01
  0.81965279E+00 -0.11367316E+01
  0.83964432E+00 -0.11488741E+01
  0.85963585E+00 -0.11600693E+01
  0.87962739E+00 -0.11702542E+01
  0.89961892E+00 -0.11792055E+01
  0.91961045E+00 -0.11865546E+01
  0.93960198E+00 -0.11919190E+01
  0.95959351E+00 -0.11950553E+01
  0.97958504E+00 -0.11959071E+01
  0.99957657E+00 -0.11954141E+01
  0.10194827E+01 -0.11985033E+01
  0.10393888E+01 -0.12091515E+01
  0.10592949E+01 -0.12263795E+01
  0.10792010E+01 -0.12498698E+01
  0.10991072E+01 -0.12793080E+01
  0.11190133E+01 -0.13140960E+01
  0.11389194E+01 -0.13534926E+01
  0.11588255E+01 -0.13967767E+01
  0.11787316E+01 -0.14436104E+01
  0.11986378E+01 -0.14945563E+01
  0.12185439E+01 -0.15481608E+01
  0.12384500E+01 -0.16016878E+01
  0.12583561E+01 -0.16544224E+01
  0.12782622E+01 -0.17068933E+01
  0.12981684E+01 -0.17603965E+01
  0.13180745E+01 -0.18167327E+01
  0.13379806E+01 -0.18792504E+01
  0.13578867E+01 -0.19491038E+01
  0.13777928E+01 -0.20247349E+01
  0.13976989E+01 -0.21064088E+01
  0.14176051E+01 -0.21943209E+01
  0.14375112E+01 -0.22881529E+01
  0.14574173E+01 -0.23865027E+01
  0.14773234E+01 -0.24872317E+01
  0.14972295E+01 -0.25880704E+01
  0.15171357E+01 -0.26869202E+01
  0.15370418E+01 -0.27820469E+01
  0.15569479E+01 -0.28722334E+01
  0.15768540E+01 -0.29568773E+01
  0.15967601E+01 -0.30360148E+01
  0.16166662E+01 -0.31102681E+01
  0.16365724E+01 -0.31807215E+01
  0.16564785E+01 -0.32493102E+01
  0.16763846E+01 -0.33191797E+01
  0.16962907E+01 -0.33890196E+01
  0.17161968E+01 -0.34599404E+01
  0.17361030E+01 -0.35326528E+01
  0.17560091E+01 -0.36070589E+01
  0.17759152E+01 -0.36822488E+01
  0.17958213E+01 -0.37561149E+01
  0.18157274E+01 -0.38080141E+01
  
  0.00000000E+00  0.10772169E-08
  0.19991531E-01  0.12099788E-02
  0.39983063E-01 -0.30291389E-02
  0.59974594E-01 -0.12332603E-01
  0.79966126E-01 -0.26643906E-01
  0.99957657E-01 -0.45757440E-01
  0.11994919E+00 -0.69345076E-01
  0.13994072E+00 -0.96973995E-01
  0.15993225E+00 -0.12811020E+00
  0.17992378E+00 -0.16211113E+00
  0.19991531E+00 -0.19803323E+00
  0.21990685E+00 -0.23323993E+00
  0.23989838E+00 -0.26924171E+00
  0.25988991E+00 -0.30664824E+00
  0.27988144E+00 -0.34534466E+00
  0.29987297E+00 -0.38498880E+00
  0.31986450E+00 -0.42506446E+00
  0.33985604E+00 -0.46494408E+00
  0.35984757E+00 -0.50393538E+00
  0.37983910E+00 -0.54132022E+00
  0.39983063E+00 -0.57673488E+00
  0.41982216E+00 -0.61034264E+00
  0.43981369E+00 -0.64248355E+00
  0.45980522E+00 -0.67398273E+00
  0.47979676E+00 -0.70567885E+00
  0.49978829E+00 -0.73821733E+00
  0.51977982E+00 -0.77195178E+00
  0.53977135E+00 -0.80685637E+00
  0.55976288E+00 -0.84245075E+00
  0.57975441E+00 -0.87776941E+00
  0.59974594E+00 -0.91117980E+00
  0.61973748E+00 -0.94012620E+00
  0.63972901E+00 -0.96665272E+00
  0.65972054E+00 -0.99127916E+00
  0.67971207E+00 -0.10142842E+01
  0.69970360E+00 -0.10358762E+01
  0.71969513E+00 -0.10561568E+01
  0.73968667E+00 -0.10751208E+01
  0.75967820E+00 -0.10926773E+01
  0.77966973E+00 -0.11087276E+01
  0.79966126E+00 -0.11232383E+01
  0.81965279E+00 -0.11351670E+01
  0.83964432E+00 -0.11452461E+01
  0.85963585E+00 -0.11546421E+01
  0.87962739E+00 -0.11634945E+01
  0.89961892E+00 -0.11716844E+01
  0.91961045E+00 -0.11789783E+01
  0.93960198E+00 -0.11851409E+01
  0.95959351E+00 -0.11899899E+01
  0.97958504E+00 -0.11933878E+01
  0.99957657E+00 -0.11943285E+01
  0.10194827E+01 -0.11928313E+01
  0.10393888E+01 -0.11945077E+01
  0.10592949E+01 -0.12033387E+01
  0.10792010E+01 -0.12218792E+01
  0.10991072E+01 -0.12502615E+01
  0.11190133E+01 -0.12875709E+01
  0.11389194E+01 -0.13322041E+01
  0.11588255E+01 -0.13820637E+01
  0.11787316E+01 -0.14345662E+01
  0.11986378E+01 -0.14865146E+01
  0.12185439E+01 -0.15373734E+01
  0.12384500E+01 -0.15888109E+01
  0.12583561E+01 -0.16415498E+01
  0.12782622E+01 -0.16961517E+01
  0.12981684E+01 -0.17533252E+01
  0.13180745E+01 -0.18138445E+01
  0.13379806E+01 -0.18770393E+01
  0.13578867E+01 -0.19440437E+01
  0.13777928E+01 -0.20178985E+01
  0.13976989E+01 -0.20987560E+01
  0.14176051E+01 -0.21856876E+01
  0.14375112E+01 -0.22772006E+01
  0.14574173E+01 -0.23720005E+01
  0.14773234E+01 -0.24689189E+01
  0.14972295E+01 -0.25666376E+01
  0.15171357E+01 -0.26637424E+01
  0.15370418E+01 -0.27588767E+01
  0.15569479E+01 -0.28508846E+01
  0.15768540E+01 -0.29389224E+01
  0.15967601E+01 -0.30225348E+01
  0.16166662E+01 -0.31016960E+01
  0.16365724E+01 -0.31768109E+01
  0.16564785E+01 -0.32480942E+01
  0.16763846E+01 -0.33148776E+01
  0.16962907E+01 -0.33808753E+01
  0.17161968E+01 -0.34468949E+01
  0.17361030E+01 -0.35132926E+01
  0.17560091E+01 -0.35800645E+01
  0.17759152E+01 -0.36463803E+01
  0.17958213E+01 -0.37087964E+01
  0.18157274E+01 -0.37477350E+01
  
  0.00000000E+00  0.25182547E+01
  0.19991531E-01  0.25171733E+01
  0.39983063E-01  0.25176821E+01
  0.59974594E-01  0.25227808E+01
  0.79966126E-01  0.25335407E+01
  0.99957657E-01  0.25476401E+01
  0.11994919E+00  0.25601210E+01
  0.13994072E+00  0.25658133E+01
  0.15993225E+00  0.25629454E+01
  0.17992378E+00  0.25526182E+01
  0.19991531E+00  0.25364038E+01
  0.21990685E+00  0.25091819E+01
  0.23989838E+00  0.24782610E+01
  0.25988991E+00  0.24451227E+01
  0.27988144E+00  0.24103116E+01
  0.29987297E+00  0.23741860E+01
  0.31986450E+00  0.23369540E+01
  0.33985604E+00  0.22986954E+01
  0.35984757E+00  0.22593960E+01
  0.37983910E+00  0.22190157E+01
  0.39983063E+00  0.21771028E+01
  0.41982216E+00  0.21321278E+01
  0.43981369E+00  0.20879663E+01
  0.45980522E+00  0.20452856E+01
  0.47979676E+00  0.20047069E+01
  0.49978829E+00  0.19667197E+01
  0.51977982E+00  0.19316094E+01
  0.53977135E+00  0.18994090E+01
  0.55976288E+00  0.18698546E+01
  0.57975441E+00  0.18423979E+01
  0.59974594E+00  0.18161117E+01
  0.61973748E+00  0.17888296E+01
  0.63972901E+00  0.17615913E+01
  0.65972054E+00  0.17345447E+01
  0.67971207E+00  0.17079731E+01
  0.69970360E+00  0.16822791E+01
  0.71969513E+00  0.16578562E+01
  0.73968667E+00  0.16349935E+01
  0.75967820E+00  0.16138449E+01
  0.77966973E+00  0.15944604E+01
  0.79966126E+00  0.15768111E+01
  0.81965279E+00  0.15585226E+01
  0.83964432E+00  0.15421958E+01
  0.85963585E+00  0.15285018E+01
  0.87962739E+00  0.15176069E+01
  0.89961892E+00  0.15094099E+01
  0.91961045E+00  0.15035467E+01
  0.93960198E+00  0.14994765E+01
  0.95959351E+00  0.14966227E+01
  0.97958504E+00  0.14945228E+01
  0.99957657E+00  0.14925864E+01
  0.10194827E+01  0.14977765E+01
  0.10393888E+01  0.15307806E+01
  0.10592949E+01  0.15883622E+01
  0.10792010E+01  0.16653204E+01
  0.10991072E+01  0.17560622E+01
  0.11190133E+01  0.18555313E+01
  0.11389194E+01  0.19595286E+01
  0.11588255E+01  0.20646281E+01
  0.11787316E+01  0.21679155E+01
  0.11986378E+01  0.22667289E+01
  0.12185439E+01  0.23586186E+01
  0.12384500E+01  0.24420896E+01
  0.12583561E+01  0.25179883E+01
  0.12782622E+01  0.25888631E+01
  0.12981684E+01  0.26572432E+01
  0.13180745E+01  0.27249019E+01
  0.13379806E+01  0.27873163E+01
  0.13578867E+01  0.28466237E+01
  0.13777928E+01  0.29074202E+01
  0.13976989E+01  0.29710795E+01
  0.14176051E+01  0.30384631E+01
  0.14375112E+01  0.31089982E+01
  0.14574173E+01  0.31781348E+01
  0.14773234E+01  0.32362718E+01
  0.14972295E+01  0.32799826E+01
  0.15171357E+01  0.33169607E+01
  0.15370418E+01  0.33532701E+01
  0.15569479E+01  0.33922643E+01
  0.15768540E+01  0.34364245E+01
  0.15967601E+01  0.34874052E+01
  0.16166662E+01  0.35456856E+01
  0.16365724E+01  0.36103446E+01
  0.16564785E+01  0.36747157E+01
  0.16763846E+01  0.37202332E+01
  0.16962907E+01  0.37639788E+01
  0.17161968E+01  0.38122200E+01
  0.17361030E+01  0.38707949E+01
  0.17560091E+01  0.39419981E+01
  0.17759152E+01  0.40232859E+01
  0.17958213E+01  0.41067991E+01
  0.18157274E+01  0.41589297E+01
  
  0.00000000E+00  0.25183950E+01
  0.19991531E-01  0.25214461E+01
  0.39983063E-01  0.25293579E+01
  0.59974594E-01  0.25429783E+01
  0.79966126E-01  0.25600668E+01
  0.99957657E-01  0.25766890E+01
  0.11994919E+00  0.25874965E+01
  0.13994072E+00  0.25882303E+01
  0.15993225E+00  0.25785998E+01
  0.17992378E+00  0.25607920E+01
  0.19991531E+00  0.25370911E+01
  0.21990685E+00  0.25154080E+01
  0.23989838E+00  0.24901810E+01
  0.25988991E+00  0.24609996E+01
  0.27988144E+00  0.24280659E+01
  0.29987297E+00  0.23916765E+01
  0.31986450E+00  0.23522850E+01
  0.33985604E+00  0.23104794E+01
  0.35984757E+00  0.22669133E+01
  0.37983910E+00  0.22222431E+01
  0.39983063E+00  0.21775958E+01
  0.41982216E+00  0.21353684E+01
  0.43981369E+00  0.20928503E+01
  0.45980522E+00  0.20508209E+01
  0.47979676E+00  0.20102025E+01
  0.49978829E+00  0.19718352E+01
  0.51977982E+00  0.19362258E+01
  0.53977135E+00  0.19033931E+01
  0.55976288E+00  0.18729125E+01
  0.57975441E+00  0.18441138E+01
  0.59974594E+00  0.18165222E+01
  0.61973748E+00  0.17910872E+01
  0.63972901E+00  0.17660092E+01
  0.65972054E+00  0.17409377E+01
  0.67971207E+00  0.17158674E+01
  0.69970360E+00  0.16909576E+01
  0.71969513E+00  0.16664380E+01
  0.73968667E+00  0.16425463E+01
  0.75967820E+00  0.16195162E+01
  0.77966973E+00  0.15976085E+01
  0.79966126E+00  0.15771941E+01
  0.81965279E+00  0.15610843E+01
  0.83964432E+00  0.15471743E+01
  0.85963585E+00  0.15352085E+01
  0.87962739E+00  0.15251764E+01
  0.89961892E+00  0.15169446E+01
  0.91961045E+00  0.15102459E+01
  0.93960198E+00  0.15047294E+01
  0.95959351E+00  0.15000570E+01
  0.97958504E+00  0.14960163E+01
  0.99957657E+00  0.14929671E+01
  0.10194827E+01  0.15137220E+01
  0.10393888E+01  0.15597918E+01
  0.10592949E+01  0.16266300E+01
  0.10792010E+01  0.17088345E+01
  0.10991072E+01  0.18011788E+01
  0.11190133E+01  0.18992431E+01
  0.11389194E+01  0.19995174E+01
  0.11588255E+01  0.20992242E+01
  0.11787316E+01  0.21961403E+01
  0.11986378E+01  0.22886263E+01
  0.12185439E+01  0.23758479E+01
  0.12384500E+01  0.24575726E+01
  0.12583561E+01  0.25332932E+01
  0.12782622E+01  0.26028141E+01
  0.12981684E+01  0.26671519E+01
  0.13180745E+01  0.27280757E+01
  0.13379806E+01  0.27927305E+01
  0.13578867E+01  0.28605134E+01
  0.13777928E+01  0.29279687E+01
  0.13976989E+01  0.29956840E+01
  0.14176051E+01  0.30657440E+01
  0.14375112E+01  0.31385204E+01
  0.14574173E+01  0.32046852E+01
  0.14773234E+01  0.32549435E+01
  0.14972295E+01  0.32997046E+01
  0.15171357E+01  0.33423634E+01
  0.15370418E+01  0.33839434E+01
  0.15569479E+01  0.34264340E+01
  0.15768540E+01  0.34715999E+01
  0.15967601E+01  0.35203557E+01
  0.16166662E+01  0.35721863E+01
  0.16365724E+01  0.36247828E+01
  0.16564785E+01  0.36792144E+01
  0.16763846E+01  0.37494867E+01
  0.16962907E+01  0.38193695E+01
  0.17161968E+01  0.38893945E+01
  0.17361030E+01  0.39618229E+01
  0.17560091E+01  0.40373973E+01
  0.17759152E+01  0.41116236E+01
  0.17958213E+01  0.41675648E+01
  0.18157274E+01  0.41843365E+01
  
  0.00000000E+00  0.25525675E+01
  0.19991531E-01  0.25467157E+01
  0.39983063E-01  0.25519946E+01
  0.59974594E-01  0.25655689E+01
  0.79966126E-01  0.25860703E+01
  0.99957657E-01  0.26128860E+01
  0.11994919E+00  0.26453418E+01
  0.13994072E+00  0.26830631E+01
  0.15993225E+00  0.27257111E+01
  0.17992378E+00  0.27718178E+01
  0.19991531E+00  0.28202269E+01
  0.21990685E+00  0.28652528E+01
  0.23989838E+00  0.29127297E+01
  0.25988991E+00  0.29633374E+01
  0.27988144E+00  0.30168352E+01
  0.29987297E+00  0.30723531E+01
  0.31986450E+00  0.31285624E+01
  0.33985604E+00  0.31838422E+01
  0.35984757E+00  0.32364897E+01
  0.37983910E+00  0.32850970E+01
  0.39983063E+00  0.33288611E+01
  0.41982216E+00  0.33619919E+01
  0.43981369E+00  0.33872343E+01
  0.45980522E+00  0.34076215E+01
  0.47979676E+00  0.34255129E+01
  0.49978829E+00  0.34423004E+01
  0.51977982E+00  0.34586764E+01
  0.53977135E+00  0.34747015E+01
  0.55976288E+00  0.34896682E+01
  0.57975441E+00  0.35016725E+01
  0.59974594E+00  0.35078019E+01
  0.61973748E+00  0.35045632E+01
  0.63972901E+00  0.34984852E+01
  0.65972054E+00  0.34901798E+01
  0.67971207E+00  0.34800175E+01
  0.69970360E+00  0.34683587E+01
  0.71969513E+00  0.34555520E+01
  0.73968667E+00  0.34419167E+01
  0.75967820E+00  0.34277298E+01
  0.77966973E+00  0.34132283E+01
  0.79966126E+00  0.33984967E+01
  0.81965279E+00  0.33818784E+01
  0.83964432E+00  0.33659724E+01
  0.85963585E+00  0.33521195E+01
  0.87962739E+00  0.33411828E+01
  0.89961892E+00  0.33331590E+01
  0.91961045E+00  0.33275296E+01
  0.93960198E+00  0.33239941E+01
  0.95959351E+00  0.33225926E+01
  0.97958504E+00  0.33233257E+01
  0.99957657E+00  0.33258108E+01
  0.10194827E+01  0.33202542E+01
  0.10393888E+01  0.33096592E+01
  0.10592949E+01  0.32996875E+01
  0.10792010E+01  0.32910994E+01
  0.10991072E+01  0.32835864E+01
  0.11190133E+01  0.32763986E+01
  0.11389194E+01  0.32685474E+01
  0.11588255E+01  0.32589480E+01
  0.11787316E+01  0.32465204E+01
  0.11986378E+01  0.32303625E+01
  0.12185439E+01  0.32101536E+01
  0.12384500E+01  0.31865571E+01
  0.12583561E+01  0.31611822E+01
  0.12782622E+01  0.31362907E+01
  0.12981684E+01  0.31145713E+01
  0.13180745E+01  0.30988868E+01
  0.13379806E+01  0.30856951E+01
  0.13578867E+01  0.30807164E+01
  0.13777928E+01  0.30910598E+01
  0.13976989E+01  0.31173606E+01
  0.14176051E+01  0.31570807E+01
  0.14375112E+01  0.32045293E+01
  0.14574173E+01  0.32595910E+01
  0.14773234E+01  0.33341538E+01
  0.14972295E+01  0.34213428E+01
  0.15171357E+01  0.35127726E+01
  0.15370418E+01  0.36019956E+01
  0.15569479E+01  0.36845554E+01
  0.15768540E+01  0.37577870E+01
  0.15967601E+01  0.38208778E+01
  0.16166662E+01  0.38751931E+01
  0.16365724E+01  0.39246474E+01
  0.16564785E+01  0.39720708E+01
  0.16763846E+01  0.40093004E+01
  0.16962907E+01  0.40515792E+01
  0.17161968E+01  0.40989511E+01
  0.17361030E+01  0.41468760E+01
  0.17560091E+01  0.41878694E+01
  0.17759152E+01  0.42140246E+01
  0.17958213E+01  0.42238365E+01
  0.18157274E+01  0.42035008E+01
  
  0.00000000E+00  0.25525693E+01
  0.19991531E-01  0.25536333E+01
  0.39983063E-01  0.25622346E+01
  0.59974594E-01  0.25776254E+01
  0.79966126E-01  0.25980979E+01
  0.99957657E-01  0.26224163E+01
  0.11994919E+00  0.26513300E+01
  0.13994072E+00  0.26868332E+01
  0.15993225E+00  0.27292110E+01
  0.17992378E+00  0.27754488E+01
  0.19991531E+00  0.28207853E+01
  0.21990685E+00  0.28719108E+01
  0.23989838E+00  0.29245425E+01
  0.25988991E+00  0.29782305E+01
  0.27988144E+00  0.30325491E+01
  0.29987297E+00  0.30869280E+01
  0.31986450E+00  0.31406474E+01
  0.33985604E+00  0.31928893E+01
  0.35984757E+00  0.32427288E+01
  0.37983910E+00  0.32888745E+01
  0.39983063E+00  0.33294361E+01
  0.41982216E+00  0.33680656E+01
  0.43981369E+00  0.34021301E+01
  0.45980522E+00  0.34307254E+01
  0.47979676E+00  0.34526763E+01
  0.49978829E+00  0.34702993E+01
  0.51977982E+00  0.34847231E+01
  0.53977135E+00  0.34962715E+01
  0.55976288E+00  0.35045562E+01
  0.57975441E+00  0.35083436E+01
  0.59974594E+00  0.35083237E+01
  0.61973748E+00  0.35085683E+01
  0.63972901E+00  0.35044774E+01
  0.65972054E+00  0.34971028E+01
  0.67971207E+00  0.34872860E+01
  0.69970360E+00  0.34755713E+01
  0.71969513E+00  0.34623361E+01
  0.73968667E+00  0.34478491E+01
  0.75967820E+00  0.34322897E+01
  0.77966973E+00  0.34158218E+01
  0.79966126E+00  0.33989679E+01
  0.81965279E+00  0.33843543E+01
  0.83964432E+00  0.33706832E+01
  0.85963585E+00  0.33585023E+01
  0.87962739E+00  0.33484305E+01
  0.89961892E+00  0.33404868E+01
  0.91961045E+00  0.33343528E+01
  0.93960198E+00  0.33299004E+01
  0.95959351E+00  0.33271445E+01
  0.97958504E+00  0.33259784E+01
  0.99957657E+00  0.33262652E+01
  0.10194827E+01  0.33324178E+01
  0.10393888E+01  0.33353870E+01
  0.10592949E+01  0.33374949E+01
  0.10792010E+01  0.33382882E+01
  0.10991072E+01  0.33364818E+01
  0.11190133E+01  0.33309531E+01
  0.11389194E+01  0.33211335E+01
  0.11588255E+01  0.33071061E+01
  0.11787316E+01  0.32894334E+01
  0.11986378E+01  0.32687608E+01
  0.12185439E+01  0.32453489E+01
  0.12384500E+01  0.32190174E+01
  0.12583561E+01  0.31898385E+01
  0.12782622E+01  0.31589588E+01
  0.12981684E+01  0.31288583E+01
  0.13180745E+01  0.31030900E+01
  0.13379806E+01  0.30919296E+01
  0.13578867E+01  0.30954771E+01
  0.13777928E+01  0.31100509E+01
  0.13976989E+01  0.31345960E+01
  0.14176051E+01  0.31673753E+01
  0.14375112E+01  0.32104949E+01
  0.14574173E+01  0.32722837E+01
  0.14773234E+01  0.33529189E+01
  0.14972295E+01  0.34451345E+01
  0.15171357E+01  0.35396501E+01
  0.15370418E+01  0.36306388E+01
  0.15569479E+01  0.37139003E+01
  0.15768540E+01  0.37864722E+01
  0.15967601E+01  0.38469443E+01
  0.16166662E+01  0.38958903E+01
  0.16365724E+01  0.39360734E+01
  0.16564785E+01  0.39751730E+01
  0.16763846E+01  0.40316446E+01
  0.16962907E+01  0.40943364E+01
  0.17161968E+01  0.41579879E+01
  0.17361030E+01  0.42141376E+01
  0.17560091E+01  0.42529985E+01
  0.17759152E+01  0.42659419E+01
  0.17958213E+01  0.42531565E+01
  0.18157274E+01  0.42638873E+01
  
  0.00000000E+00  0.25530394E+01
  0.19991531E-01  0.25594135E+01
  0.39983063E-01  0.25762643E+01
  0.59974594E-01  0.25992445E+01
  0.79966126E-01  0.26245632E+01
  0.99957657E-01  0.26494369E+01
  0.11994919E+00  0.26755019E+01
  0.13994072E+00  0.27067830E+01
  0.15993225E+00  0.27444528E+01
  0.17992378E+00  0.27894570E+01
  0.19991531E+00  0.28433365E+01
  0.21990685E+00  0.28937047E+01
  0.23989838E+00  0.29474574E+01
  0.25988991E+00  0.30034186E+01
  0.27988144E+00  0.30600150E+01
  0.29987297E+00  0.31158192E+01
  0.31986450E+00  0.31696238E+01
  0.33985604E+00  0.32205080E+01
  0.35984757E+00  0.32679132E+01
  0.37983910E+00  0.33117058E+01
  0.39983063E+00  0.33518265E+01
  0.41982216E+00  0.33811710E+01
  0.43981369E+00  0.34083115E+01
  0.45980522E+00  0.34332238E+01
  0.47979676E+00  0.34565069E+01
  0.49978829E+00  0.34759851E+01
  0.51977982E+00  0.34910272E+01
  0.53977135E+00  0.35019934E+01
  0.55976288E+00  0.35101678E+01
  0.57975441E+00  0.35182120E+01
  0.59974594E+00  0.35268213E+01
  0.61973748E+00  0.35265060E+01
  0.63972901E+00  0.35240662E+01
  0.65972054E+00  0.35188654E+01
  0.67971207E+00  0.35103930E+01
  0.69970360E+00  0.34985850E+01
  0.71969513E+00  0.34838216E+01
  0.73968667E+00  0.34668825E+01
  0.75967820E+00  0.34488602E+01
  0.77966973E+00  0.34309552E+01
  0.79966126E+00  0.34139832E+01
  0.81965279E+00  0.33934827E+01
  0.83964432E+00  0.33762405E+01
  0.85963585E+00  0.33624783E+01
  0.87962739E+00  0.33516087E+01
  0.89961892E+00  0.33437046E+01
  0.91961045E+00  0.33391015E+01
  0.93960198E+00  0.33374387E+01
  0.95959351E+00  0.33377088E+01
  0.97958504E+00  0.33387476E+01
  0.99957657E+00  0.33401832E+01
  0.10194827E+01  0.33410583E+01
  0.10393888E+01  0.33599824E+01
  0.10592949E+01  0.33904819E+01
  0.10792010E+01  0.34303798E+01
  0.10991072E+01  0.34780604E+01
  0.11190133E+01  0.35322484E+01
  0.11389194E+01  0.35918290E+01
  0.11588255E+01  0.36546787E+01
  0.11787316E+01  0.37215204E+01
  0.11986378E+01  0.38004965E+01
  0.12185439E+01  0.38998396E+01
  0.12384500E+01  0.40270091E+01
  0.12583561E+01  0.41877241E+01
  0.12782622E+01  0.43846602E+01
  0.12981684E+01  0.46167614E+01
  0.13180745E+01  0.48792070E+01
  0.13379806E+01  0.51569852E+01
  0.13578867E+01  0.54409451E+01
  0.13777928E+01  0.57246767E+01
  0.13976989E+01  0.59940684E+01
  0.14176051E+01  0.62335225E+01
  0.14375112E+01  0.64128951E+01
  0.14574173E+01  0.63253703E+01
  0.14773234E+01  0.61558609E+01
  0.14972295E+01  0.60130750E+01
  0.15171357E+01  0.59015883E+01
  0.15370418E+01  0.58186331E+01
  0.15569479E+01  0.57584042E+01
  0.15768540E+01  0.57116604E+01
  0.15967601E+01  0.56641258E+01
  0.16166662E+01  0.55953865E+01
  0.16365724E+01  0.54878142E+01
  0.16564785E+01  0.53478585E+01
  0.16763846E+01  0.51951550E+01
  0.16962907E+01  0.50597831E+01
  0.17161968E+01  0.49473627E+01
  0.17361030E+01  0.48607856E+01
  0.17560091E+01  0.48031859E+01
  0.17759152E+01  0.47796777E+01
  0.17958213E+01  0.47941616E+01
  0.18157274E+01  0.48246156E+01
  
  0.00000000E+00  0.25533338E+01
  0.19991531E-01  0.25652292E+01
  0.39983063E-01  0.25843067E+01
  0.59974594E-01  0.26079694E+01
  0.79966126E-01  0.26338211E+01
  0.99957657E-01  0.26616406E+01
  0.11994919E+00  0.26917776E+01
  0.13994072E+00  0.27242201E+01
  0.15993225E+00  0.27595349E+01
  0.17992378E+00  0.27989776E+01
  0.19991531E+00  0.28438895E+01
  0.21990685E+00  0.29027309E+01
  0.23989838E+00  0.29640231E+01
  0.25988991E+00  0.30253118E+01
  0.27988144E+00  0.30849712E+01
  0.29987297E+00  0.31416195E+01
  0.31986450E+00  0.31941105E+01
  0.33985604E+00  0.32415874E+01
  0.35984757E+00  0.32835800E+01
  0.37983910E+00  0.33201554E+01
  0.39983063E+00  0.33523991E+01
  0.41982216E+00  0.33890223E+01
  0.43981369E+00  0.34218094E+01
  0.45980522E+00  0.34498567E+01
  0.47979676E+00  0.34729919E+01
  0.49978829E+00  0.34913906E+01
  0.51977982E+00  0.35054033E+01
  0.53977135E+00  0.35154517E+01
  0.55976288E+00  0.35219993E+01
  0.57975441E+00  0.35256008E+01
  0.59974594E+00  0.35273397E+01
  0.61973748E+00  0.35353346E+01
  0.63972901E+00  0.35400023E+01
  0.65972054E+00  0.35397385E+01
  0.67971207E+00  0.35338557E+01
  0.69970360E+00  0.35223255E+01
  0.71969513E+00  0.35057109E+01
  0.73968667E+00  0.34850755E+01
  0.75967820E+00  0.34618550E+01
  0.77966973E+00  0.34377063E+01
  0.79966126E+00  0.34144500E+01
  0.81965279E+00  0.33985431E+01
  0.83964432E+00  0.33843803E+01
  0.85963585E+00  0.33717114E+01
  0.87962739E+00  0.33608028E+01
  0.89961892E+00  0.33520072E+01
  0.91961045E+00  0.33455837E+01
  0.93960198E+00  0.33414958E+01
  0.95959351E+00  0.33394572E+01
  0.97958504E+00  0.33393192E+01
  0.99957657E+00  0.33406327E+01
  0.10194827E+01  0.33500275E+01
  0.10393888E+01  0.33757784E+01
  0.10592949E+01  0.34120518E+01
  0.10792010E+01  0.34550219E+01
  0.10991072E+01  0.35021742E+01
  0.11190133E+01  0.35522082E+01
  0.11389194E+01  0.36057568E+01
  0.11588255E+01  0.36672209E+01
  0.11787316E+01  0.37415510E+01
  0.11986378E+01  0.38299005E+01
  0.12185439E+01  0.39361938E+01
  0.12384500E+01  0.40659067E+01
  0.12583561E+01  0.42240606E+01
  0.12782622E+01  0.44137575E+01
  0.12981684E+01  0.46351862E+01
  0.13180745E+01  0.48851478E+01
  0.13379806E+01  0.51637832E+01
  0.13578867E+01  0.54593701E+01
  0.13777928E+01  0.57527771E+01
  0.13976989E+01  0.60296072E+01
  0.14176051E+01  0.62751160E+01
  0.14375112E+01  0.64697261E+01
  0.14574173E+01  0.63588330E+01
  0.14773234E+01  0.61833858E+01
  0.14972295E+01  0.60381445E+01
  0.15171357E+01  0.59268625E+01
  0.15370418E+01  0.58484333E+01
  0.15569479E+01  0.57959876E+01
  0.15768540E+01  0.57572757E+01
  0.15967601E+01  0.57133952E+01
  0.16166662E+01  0.56350506E+01
  0.16365724E+01  0.55043527E+01
  0.16564785E+01  0.53503058E+01
  0.16763846E+01  0.52087228E+01
  0.16962907E+01  0.50805422E+01
  0.17161968E+01  0.49738293E+01
  0.17361030E+01  0.48932089E+01
  0.17560091E+01  0.48436986E+01
  0.17759152E+01  0.48308359E+01
  0.17958213E+01  0.48562261E+01
  0.18157274E+01  0.48970774E+01
  
  0.00000000E+00  0.32543144E+01
  0.19991531E-01  0.32543588E+01
  0.39983063E-01  0.32676815E+01
  0.59974594E-01  0.32980367E+01
  0.79966126E-01  0.33502452E+01
  0.99957657E-01  0.34287139E+01
  0.11994919E+00  0.35356771E+01
  0.13994072E+00  0.36702911E+01
  0.15993225E+00  0.38290414E+01
  0.17992378E+00  0.40067918E+01
  0.19991531E+00  0.41977158E+01
  0.21990685E+00  0.43924127E+01
  0.23989838E+00  0.45888340E+01
  0.25988991E+00  0.47833062E+01
  0.27988144E+00  0.49725472E+01
  0.29987297E+00  0.51544910E+01
  0.31986450E+00  0.53284086E+01
  0.33985604E+00  0.54948921E+01
  0.35984757E+00  0.56556696E+01
  0.37983910E+00  0.58132428E+01
  0.39983063E+00  0.59699226E+01
  0.41982216E+00  0.61249664E+01
  0.43981369E+00  0.62841347E+01
  0.45980522E+00  0.64484993E+01
  0.47979676E+00  0.66176567E+01
  0.49978829E+00  0.67898164E+01
  0.51977982E+00  0.69620145E+01
  0.53977135E+00  0.71304588E+01
  0.55976288E+00  0.72909290E+01
  0.57975441E+00  0.74391726E+01
  0.59974594E+00  0.75712178E+01
  0.61973748E+00  0.76804581E+01
  0.63972901E+00  0.77681819E+01
  0.65972054E+00  0.78332842E+01
  0.67971207E+00  0.78759142E+01
  0.69970360E+00  0.78975936E+01
  0.71969513E+00  0.79011406E+01
  0.73968667E+00  0.78904045E+01
  0.75967820E+00  0.78698305E+01
  0.77966973E+00  0.78439032E+01
  0.79966126E+00  0.78157858E+01
  0.81965279E+00  0.77866700E+01
  0.83964432E+00  0.77615552E+01
  0.85963585E+00  0.77418961E+01
  0.87962739E+00  0.77279010E+01
  0.89961892E+00  0.77189518E+01
  0.91961045E+00  0.77139113E+01
  0.93960198E+00  0.77114158E+01
  0.95959351E+00  0.77101283E+01
  0.97958504E+00  0.77089428E+01
  0.99957657E+00  0.77071081E+01
  0.10194827E+01  0.77100433E+01
  0.10393888E+01  0.77294131E+01
  0.10592949E+01  0.77639963E+01
  0.10792010E+01  0.78115233E+01
  0.10991072E+01  0.78688380E+01
  0.11190133E+01  0.79321177E+01
  0.11389194E+01  0.79970783E+01
  0.11588255E+01  0.80590900E+01
  0.11787316E+01  0.81131911E+01
  0.11986378E+01  0.81540670E+01
  0.12185439E+01  0.81761163E+01
  0.12384500E+01  0.81737072E+01
  0.12583561E+01  0.81416509E+01
  0.12782622E+01  0.80758343E+01
  0.12981684E+01  0.79738975E+01
  0.13180745E+01  0.78357911E+01
  0.13379806E+01  0.76630227E+01
  0.13578867E+01  0.74617774E+01
  0.13777928E+01  0.72399581E+01
  0.13976989E+01  0.70072428E+01
  0.14176051E+01  0.67754227E+01
  0.14375112E+01  0.65628161E+01
  0.14574173E+01  0.66019774E+01
  0.14773234E+01  0.66848338E+01
  0.14972295E+01  0.67077089E+01
  0.15171357E+01  0.66690146E+01
  0.15370418E+01  0.65747802E+01
  0.15569479E+01  0.64362059E+01
  0.15768540E+01  0.62693927E+01
  0.15967601E+01  0.60972909E+01
  0.16166662E+01  0.59532520E+01
  0.16365724E+01  0.58587006E+01
  0.16564785E+01  0.57857257E+01
  0.16763846E+01  0.57018186E+01
  0.16962907E+01  0.56091393E+01
  0.17161968E+01  0.55019478E+01
  0.17361030E+01  0.53810275E+01
  0.17560091E+01  0.52514423E+01
  0.17759152E+01  0.51215661E+01
  0.17958213E+01  0.50042681E+01
  0.18157274E+01  0.49314579E+01
  
  0.00000000E+00  0.32546073E+01
  0.19991531E-01  0.32579091E+01
  0.39983063E-01  0.32742300E+01
  0.59974594E-01  0.33071764E+01
  0.79966126E-01  0.33614407E+01
  0.99957657E-01  0.34411562E+01
  0.11994919E+00  0.35481773E+01
  0.13994072E+00  0.36814269E+01
  0.15993225E+00  0.38374816E+01
  0.17992378E+00  0.40115631E+01
  0.19991531E+00  0.41983445E+01
  0.21990685E+00  0.43960157E+01
  0.23989838E+00  0.45962070E+01
  0.25988991E+00  0.47936648E+01
  0.27988144E+00  0.49848297E+01
  0.29987297E+00  0.51674655E+01
  0.31986450E+00  0.53407849E+01
  0.33985604E+00  0.55054300E+01
  0.35984757E+00  0.56632834E+01
  0.37983910E+00  0.58171094E+01
  0.39983063E+00  0.59705110E+01
  0.41982216E+00  0.61296535E+01
  0.43981369E+00  0.62926434E+01
  0.45980522E+00  0.64599434E+01
  0.47979676E+00  0.66308026E+01
  0.49978829E+00  0.68032599E+01
  0.51977982E+00  0.69743826E+01
  0.53977135E+00  0.71405926E+01
  0.55976288E+00  0.72980070E+01
  0.57975441E+00  0.74427526E+01
  0.59974594E+00  0.75712888E+01
  0.61973748E+00  0.76838903E+01
  0.63972901E+00  0.77746399E+01
  0.65972054E+00  0.78421916E+01
  0.67971207E+00  0.78865027E+01
  0.69970360E+00  0.79089042E+01
  0.71969513E+00  0.79120683E+01
  0.73968667E+00  0.78997976E+01
  0.75967820E+00  0.78766303E+01
  0.77966973E+00  0.78473324E+01
  0.79966126E+00  0.78171610E+01
  0.81965279E+00  0.77916126E+01
  0.83964432E+00  0.77701144E+01
  0.85963585E+00  0.77532905E+01
  0.87962739E+00  0.77409698E+01
  0.89961892E+00  0.77323253E+01
  0.91961045E+00  0.77262180E+01
  0.93960198E+00  0.77215096E+01
  0.95959351E+00  0.77172926E+01
  0.97958504E+00  0.77130258E+01
  0.99957657E+00  0.77086220E+01
  0.10194827E+01  0.77189828E+01
  0.10393888E+01  0.77456563E+01
  0.10592949E+01  0.77869794E+01
  0.10792010E+01  0.78402908E+01
  0.10991072E+01  0.79021385E+01
  0.11190133E+01  0.79684977E+01
  0.11389194E+01  0.80349357E+01
  0.11588255E+01  0.80967022E+01
  0.11787316E+01  0.81487707E+01
  0.11986378E+01  0.81858955E+01
  0.12185439E+01  0.82027581E+01
  0.12384500E+01  0.81942495E+01
  0.12583561E+01  0.81558893E+01
  0.12782622E+01  0.80843281E+01
  0.12981684E+01  0.79778438E+01
  0.13180745E+01  0.78367684E+01
  0.13379806E+01  0.76648445E+01
  0.13578867E+01  0.74662093E+01
  0.13777928E+01  0.72479385E+01
  0.13976989E+01  0.70191972E+01
  0.14176051E+01  0.67906479E+01
  0.14375112E+01  0.65883458E+01
  0.14574173E+01  0.66388704E+01
  0.14773234E+01  0.67253634E+01
  0.14972295E+01  0.67519174E+01
  0.15171357E+01  0.67180071E+01
  0.15370418E+01  0.66292571E+01
  0.15569479E+01  0.64958408E+01
  0.15768540E+01  0.63323529E+01
  0.15967601E+01  0.61583905E+01
  0.16166662E+01  0.59992991E+01
  0.16365724E+01  0.58769665E+01
  0.16564785E+01  0.57897230E+01
  0.16763846E+01  0.57185588E+01
  0.16962907E+01  0.56334799E+01
  0.17161968E+01  0.55314275E+01
  0.17361030E+01  0.54139497E+01
  0.17560091E+01  0.52857848E+01
  0.17759152E+01  0.51543164E+01
  0.17958213E+01  0.50295210E+01
  0.18157274E+01  0.49451470E+01
  
