-13.0 0
-12.95 0
-12.9 0
-12.85 0
-12.8 0
-12.75 0
-12.7 0
-12.65 0
-12.6 0
-12.55 0
-12.5 0
-12.45 0.14351562500000478
-12.4 0.16062500000000138
-12.35 0.18078124999999737
-12.3 0.18203124999999712
-12.25 0.1867187499999962
-12.2 0.20031249999999348
-12.15 0.2067187499999922
-12.1 0.21765624999999003
-12.05 0.23124999999998733
-12.0 0.2495312499999837
-11.95 0.2643749999999909
-11.9 0.2701562499999939
-11.85 0.28750000000000275
-11.8 0.29859375000000843
-11.75 0.33343750000002625
-11.7 0.3385937500000289
-11.65 0.34031250000002977
-11.6 0.36859375000004424
-11.55 0.37562500000004784
-11.5 0.3970312500000588
-11.45 0.3775000000000488
-11.4 0.4304687500000759
-11.35 0.420937500000071
-11.3 0.42296875000007206
-11.25 0.46500000000009356
-11.2 0.4220312500000716
-11.15 0.47437500000009836
-11.1 0.4754687500000989
-11.05 0.4543750000000881
-11.0 0.5146875000000981
-10.95 0.47359375000009796
-10.9 0.5287500000000853
-10.85 0.5082812500001039
-10.8 0.5362500000000785
-10.75 0.5368750000000779
-10.7 0.5760937500000423
-10.65 0.5921875000000276
-10.6 0.5592187500000576
-10.55 0.6231249999999995
-10.5 0.5903125000000293
-10.45 0.6867187499999416
-10.4 0.6831249999999449
-10.35 0.6906249999999381
-10.3 0.7801562499998567
-10.25 0.7637499999998716
-10.2 0.9628124999996905
-10.15 0.8592187499997848
-10.1 0.9103124999997383
-10.05 0.8924999999997545
-10.0 0.7917187499998461
-9.95 0.8465624999997963
-9.9 0.7893749999998483
-9.85 0.8142187499998257
-9.8 0.7537499999998807
-9.75 0.7415624999998918
-9.7 0.752343749999882
-9.65 0.7143749999999165
-9.6 0.7059374999999242
-9.55 0.651093749999974
-9.5 0.6993749999999301
-9.45 0.6103125000000111
-9.4 0.6543749999999711
-9.35 0.6304687499999928
-9.3 0.5718750000000461
-9.25 0.5859375000000333
-9.2 0.5437500000000717
-9.15 0.52359375000009
-9.1 0.5221875000000913
-9.05 0.5062500000001058
-9.0 0.4710937500000967
-8.95 0.422812500000072
-8.899999999999999 0.4481250000000849
-8.85 0.38250000000005135
-8.8 0.39328125000005687
-8.75 0.3768750000000485
-8.7 0.31781250000001826
-8.649999999999999 0.305625000000012
-8.6 0.28453125000000123
-8.55 0.24281249999998503
-8.5 0.21843749999998988
-8.45 0.15984375000000153
-8.399999999999999 0.10125000000000475
-8.35 0.060937499999998736
-8.3 0.09750000000000417
-8.25 0.08765625000000263
-8.2 0.17437499999999864
-8.149999999999999 0.18843749999999584
-8.1 0.21187499999999118
-8.05 0.2676562499999926
-8.0 0.27187499999999476
-7.949999999999999 0.3028125000000106
-7.8999999999999995 0.37875000000004944
-7.85 0.31640625000001754
-7.8 0.4725000000000974
-7.75 0.3243750000000216
-7.699999999999999 0.5409375000000742
-7.6499999999999995 0.5048437500001071
-7.6 0.491250000000107
-7.55 0.7299999999999023
-7.5 0.9037499999997443
-7.449999999999999 1.2310937499994465
-7.3999999999999995 1.7884374999989396
-7.35 1.7493749999989752
-7.3 1.2381249999994401
-7.25 1.1226562499995452
-7.199999999999999 0.9399999999997113
-7.1499999999999995 0.9618749999996914
-7.1 0.7884374999998491
-7.05 0.8823437499997637
-7.0 0.6899999999999387
-6.949999999999999 0.7715624999998645
-6.8999999999999995 0.6381249999999858
-6.85 0.6754687499999519
-6.8 0.5943750000000256
-6.75 0.6053125000000157
-6.699999999999999 0.558750000000058
-6.6499999999999995 0.590625000000029
-6.6 0.5392187500000758
-6.55 0.47531250000009884
-6.5 0.5156250000000973
-6.449999999999999 0.491250000000107
-6.3999999999999995 0.45484375000008836
-6.35 0.43406250000007773
-6.3 0.45562500000008876
-6.25 0.39187500000005615
-6.199999999999999 0.42859375000007494
-6.1499999999999995 0.4115625000000662
-6.1 0.3562500000000379
-6.05 0.37937500000004976
-6.0 0.36375000000004176
-5.949999999999999 0.3417187500000305
-5.8999999999999995 0.3515625000000355
-5.85 0.3175000000000181
-5.8 0.3337500000000264
-5.75 0.3360937500000276
-5.699999999999999 0.28124999999999956
-5.6499999999999995 0.3128125000000157
-5.6 0.25874999999998805
-5.55 0.305625000000012
-5.5 0.3098437500000142
-5.449999999999999 0.2343749999999867
-5.3999999999999995 0.28750000000000275
-5.35 0.22593749999998838
-5.3 0.2948437500000065
-5.25 0.23624999999998633
-5.199999999999999 0.2012499999999933
-5.1499999999999995 0.2512499999999842
-5.1 0.25406249999998565
-5.05 0.27890624999999836
-5.0 0.42062500000007086
-4.949999999999999 0.54562500000007
-4.9 0.6281249999999949
-4.85 0.7448437499998888
-4.799999999999999 0.8174999999998227
-4.75 1.0665624999995962
-4.699999999999999 1.2431249999994356
-4.65 1.0724999999995908
-4.6 1.159218749999512
-4.549999999999999 1.1471874999995229
-4.5 1.066874999999596
-4.449999999999999 1.0364062499996236
-4.4 1.0593749999996027
-4.35 1.0487499999996124
-4.299999999999999 1.0621874999996002
-4.25 1.0143749999996436
-4.199999999999999 1.035937499999624
-4.15 1.0907812499995742
-4.1 1.08437499999958
-4.049999999999999 1.0753124999995882
-4.0 1.0837499999995805
-3.9499999999999993 1.1479687499995221
-3.9000000000000004 1.0828124999995814
-3.8499999999999996 1.1715624999995007
-3.799999999999999 1.1174999999995499
-3.75 1.2103124999994654
-3.6999999999999993 1.21640624999946
-3.6500000000000004 1.224999999999452
-3.5999999999999996 1.2609374999994194
-3.549999999999999 1.3143749999993708
-3.5 1.3907812499993013
-3.4499999999999993 1.4517187499992459
-3.3999999999999986 1.504374999999198
-3.3499999999999996 1.5234374999991807
-3.299999999999999 1.5393749999991662
-3.25 1.4596874999992386
-3.1999999999999993 1.528593749999176
-3.1499999999999986 1.4293749999992662
-3.0999999999999996 1.5412499999991645
-3.049999999999999 1.4057812499992877
-3.0 1.4343749999992617
-2.9499999999999993 1.31531249999937
-2.8999999999999986 1.44718749999925
-2.8499999999999996 1.4203124999992744
-2.799999999999999 1.2351562499994428
-2.75 1.424062499999271
-2.6999999999999993 1.2859374999993967
-2.6499999999999986 1.2749999999994066
-2.5999999999999996 1.299843749999384
-2.549999999999999 1.2721874999994092
-2.5 1.2224999999994544
-2.4499999999999993 1.2934374999993898
-2.3999999999999986 1.2028124999994723
-2.3499999999999996 1.2885937499993942
-2.299999999999999 1.2187499999994578
-2.25 1.1728124999994995
-2.1999999999999993 1.2629687499994176
-2.1499999999999986 1.1896874999994842
-2.0999999999999996 1.2051562499994701
-2.049999999999999 1.1760937499994966
-2.0 1.226249999999451
-1.9499999999999993 1.110624999999556
-1.8999999999999986 1.159218749999512
-1.8499999999999996 1.1812499999994919
-1.799999999999999 1.0312499999996283
-1.75 0.8659374999997786
-1.6999999999999993 0.7782812499998584
-1.6499999999999986 0.7168749999999142
-1.5999999999999996 0.6504687499999746
-1.549999999999999 0.6073437500000138
-1.5 0.5690625000000487
-1.4499999999999993 0.5220312500000914
-1.3999999999999986 0.5118750000001007
-1.3499999999999996 0.49218750000010747
-1.299999999999999 0.4701562500000962
-1.25 0.4257812500000735
-1.1999999999999993 0.4039062500000623
-1.1499999999999986 0.35906250000003936
-1.0999999999999996 0.3554687500000375
-1.049999999999999 0.30687500000001267
-1.0 0.26421874999999084
-0.9499999999999993 0.2553124999999863
-0.8999999999999986 0.20718749999999211
-0.8499999999999996 0.1554687500000024
-0.7999999999999989 0.13812500000000585
-0.75 0.10968750000000607
-0.6999999999999993 0.08890625000000282
-0.6499999999999986 0.0689062499999997
-0.5999999999999996 0.036640624999999254
-0.5499999999999989 0.0203124999999996
-0.5 0.002187499999999969
-0.4499999999999993 0
-0.3999999999999986 0
-0.34999999999999964 0
-0.29999999999999893 0
-0.25 0
-0.1999999999999993 0
-0.14999999999999858 0
-0.09999999999999964 0
-0.049999999999998934 0
0.0 0
0.05000000000000071 0
0.10000000000000142 0.048749999999998996
0.15000000000000036 0.12515625000000843
0.20000000000000107 0.2062499999999923
0.25 0.24421874999998475
0.3000000000000007 0.3051562500000118
0.3500000000000014 0.329062500000024
0.40000000000000036 0.38812500000005423
0.45000000000000107 0.387656250000054
0.5 0.4373437500000794
0.5500000000000007 0.4598437500000909
0.6000000000000014 0.4865625000001046
0.6500000000000004 0.5189062500000943
0.7000000000000011 0.5517187500000644
0.75 0.5920312500000278
0.8000000000000007 0.5953125000000248
0.8500000000000014 0.6459374999999787
0.9000000000000004 0.6707812499999561
0.9500000000000011 0.7089062499999215
1.0 0.790781249999847
1.0500000000000007 0.818281249999822
1.1000000000000014 0.9076562499997407
1.1500000000000004 0.8735937499997717
1.200000000000001 1.0135937499996444
1.25 1.0032812499996537
1.3000000000000007 1.049218749999612
1.3500000000000014 1.1023437499995636
1.4000000000000004 1.2146874999994615
1.450000000000001 1.2446874999994342
1.5 1.3465624999993415
1.5500000000000007 1.4617187499992368
1.6000000000000014 1.5278124999991767
1.6500000000000004 1.6306249999990832
1.700000000000001 1.5662499999991417
1.75 1.4701562499992291
1.8000000000000007 1.5367187499991686
1.8500000000000014 1.6107812499991012
1.9000000000000004 1.6229687499990901
1.950000000000001 1.4237499999992713
2.0 1.3642187499993255
2.0500000000000007 1.2483593749994308
2.1000000000000014 1.3090624999993756
2.1500000000000004 1.2062499999994691
2.200000000000001 1.1578124999995132
2.25 1.145937499999524
2.3000000000000007 1.0484374999996127
2.3500000000000014 1.116249999999551
2.4000000000000004 1.1070312499995594
2.450000000000001 0.9428124999997087
2.5 1.0353124999996246
2.5500000000000007 1.0881249999995766
2.6000000000000014 1.2010937499994738
2.6500000000000004 1.7742968749989525
2.700000000000001 2.060624999998692
2.75 2.5145312499982793
2.8000000000000007 2.0229687499987263
2.8500000000000014 1.973906249998771
2.9000000000000004 1.7128124999990084
2.950000000000001 1.632968749999081
3.0 1.6181249999990945
3.0500000000000007 1.3871874999993046
3.1000000000000014 1.4818749999992185
3.150000000000002 1.5899999999991201
3.1999999999999993 1.334062499999353
3.25 1.728749999998994
3.3000000000000007 1.5137499999991895
3.3500000000000014 1.4915624999992096
3.400000000000002 1.459218749999239
3.4499999999999993 1.2520312499994275
3.5 1.230624999999447
3.5500000000000007 1.2585937499994215
3.6000000000000014 1.1723437499995
3.650000000000002 0.9993749999996573
3.6999999999999993 0.9853124999996701
3.75 1.0534374999996081
3.8000000000000007 0.90843749999974
3.8500000000000014 0.9946874999996616
3.900000000000002 1.197656249999477
3.9499999999999993 1.122812499999545
4.0 0.9618749999996914
4.050000000000001 1.0059374999996513
4.100000000000001 1.0640624999995985
4.150000000000002 1.1034374999995626
4.199999999999999 1.1659374999995058
4.25 1.4212499999992736
4.300000000000001 1.1203124999995473
4.350000000000001 1.1334374999995354
4.400000000000002 1.0209374999996377
4.449999999999999 1.2071874999994683
4.5 1.1728124999994995
4.550000000000001 1.3893749999993026
4.600000000000001 0.9768749999996778
4.650000000000002 1.111874999999555
4.699999999999999 1.1068749999995595
4.75 1.1615624999995098
4.800000000000001 1.1043749999995618
4.850000000000001 1.1362499999995328
4.900000000000002 1.2421874999994365
4.949999999999999 0
