#T(K), mu, sigma_2_2, error en sigma_2_2
300.0 -2.0 6.544941061009847e-12 1.0338371267396318e-11
300.0 -1.98 0.007799590348390401 1.1696332759096595e-08
300.0 -1.96 0.007549147530621705 1.1594434888411765e-08
300.0 -1.94 0.007336467116801129 1.3454689333156078e-09
300.0 -1.92 0.007183406126952625 1.1276087728481765e-08
300.0 -1.9 0.007064968237216973 1.6146043616688255e-10
300.0 -1.88 0.006939904990266202 1.0355156175265489e-08
300.0 -1.8599999999999999 0.006779190813948391 1.0516989049058743e-08
300.0 -1.84 0.006577396892154335 1.4853547711028129e-08
300.0 -1.82 0.006354954058157649 1.471129878835252e-08
300.0 -1.8 0.006145848018822664 6.95917620145009e-09
300.0 -1.78 0.005970405941244983 1.0177162447846944e-08
300.0 -1.76 0.005820052576662407 8.71307955039452e-09
300.0 -1.74 0.005672630623797583 3.252486503214913e-09
300.0 -1.72 0.005516892587258829 6.91687892899473e-09
300.0 -1.7 0.005356952891201329 6.532628377478589e-09
300.0 -1.68 0.005197435405748869 1.2899524891828162e-08
300.0 -1.66 0.0050330749625379775 1.2497912454077365e-08
300.0 -1.6400000000000001 0.0048557942741568405 1.1373906399551402e-08
300.0 -1.62 0.004668014761917895 1.0918982910543273e-08
300.0 -1.6 0.0044837088740159025 1.3872912985093239e-08
300.0 -1.58 0.004316355178588376 1.2785564175114868e-08
300.0 -1.56 0.004169291237737683 1.4268623590785644e-08
300.0 -1.54 0.004035766261218322 2.6457854162761918e-09
300.0 -1.52 0.003903989432965229 1.2656829743175015e-08
300.0 -1.5 0.00376309489360673 1.2505553914645517e-08
300.0 -1.48 0.003611372301092183 1.2659720089835397e-08
300.0 -1.46 0.003459744550795133 1.450218315729318e-08
300.0 -1.44 0.003323830753196616 1.3993099083622851e-08
300.0 -1.42 0.0032120330406501447 1.4293790686216782e-08
300.0 -1.4 0.003121712080057833 1.2117788546728389e-08
300.0 -1.38 0.0030427324918845897 1.3657291955270741e-08
300.0 -1.3599999999999999 0.0029616574547854367 1.1995182355854904e-08
300.0 -1.3399999999999999 0.0028663950785236185 1.4252855598455954e-08
300.0 -1.3199999999999998 0.002751051502717878 1.3065821381697728e-08
300.0 -1.2999999999999998 0.002617200559686863 1.3374002867175588e-08
300.0 -1.28 0.002472939196188876 4.180320175954655e-09
300.0 -1.26 0.0023305138678540436 5.518607039227408e-09
300.0 -1.24 0.002200849850372005 5.1603291852282684e-09
300.0 -1.22 0.0020872656958077084 4.721114057852638e-09
300.0 -1.2 0.001985415582228793 1.3569496815570795e-08
300.0 -1.18 0.0018889557202968277 1.4337580068573282e-08
300.0 -1.1600000000000001 0.001793753423106545 6.2164498488073705e-09
300.0 -1.1400000000000001 0.0016978500152327583 4.178839304322737e-09
300.0 -1.12 0.0015999025690244713 1.3699746947764754e-08
300.0 -1.1 0.0014990296094705253 1.0087681791889208e-08
300.0 -1.08 0.0013963552312256382 8.680122093752268e-09
300.0 -1.06 0.001295830287241566 1.3153262181623478e-08
300.0 -1.04 0.0012022762767721006 1.1985653565992072e-08
300.0 -1.02 0.0011183972844394112 1.1882318770193787e-08
300.0 -1.0 0.0010436518356213165 8.08027818223131e-09
300.0 -0.98 0.0009756441551322422 4.453103388422572e-09
300.0 -0.96 0.0009107124649453364 5.023503571997302e-09
300.0 -0.94 0.0008451904589716772 9.809160161976076e-09
300.0 -0.9199999999999999 0.0007765109922731337 1.414788514933499e-08
300.0 -0.8999999999999999 0.0007041520319716388 1.316609029244041e-08
300.0 -0.8799999999999999 0.0006305872615902383 5.524882766777886e-09
300.0 -0.8599999999999999 0.0005610910373594174 6.063642818540313e-09
300.0 -0.8400000000000001 0.0005004840809799049 6.758466407179309e-09
300.0 -0.8200000000000001 0.00044910502469245234 1.1028038568656248e-08
300.0 -0.8 0.00040303022819828456 9.485015840620097e-09
300.0 -0.78 0.00035848336829972366 8.794493609274115e-09
300.0 -0.76 0.0003148725132741177 9.987196252038644e-09
300.0 -0.74 0.00027363552921768513 1.3483923889584364e-08
300.0 -0.72 0.00023556231945640727 1.1537561881304284e-08
300.0 -0.7 0.0002000269660571269 1.269732072950577e-08
300.0 -0.6799999999999999 0.0001661831703904891 6.88468904368883e-09
300.0 -0.6599999999999999 0.0001340179438976439 1.462296233477019e-08
300.0 -0.6399999999999999 0.00010432938472719664 1.0346540286671821e-08
300.0 -0.6199999999999999 7.816089579139036e-05 1.152790572986936e-08
300.0 -0.5999999999999999 5.6382431868686574e-05 1.2237063338803646e-08
300.0 -0.5800000000000001 3.93073337931083e-05 1.176423290676286e-08
300.0 -0.56 2.6515337114262693e-05 1.1713759681923218e-08
300.0 -0.54 1.7196557052233804e-05 7.591972170310199e-09
300.0 -0.52 1.0583854178899651e-05 7.2122960549320325e-09
300.0 -0.5 6.104517608300888e-06 1.0339659929174873e-08
300.0 -0.48 3.2916255771893914e-06 3.698949224434468e-09
300.0 -0.45999999999999996 4.2683338543214424e-09 7.927252317200774e-09
300.0 -0.43999999999999995 1.9691932997545516e-09 3.657233139872321e-09
300.0 -0.41999999999999993 9.084859906504535e-10 1.6872619605695774e-09
300.0 -0.3999999999999999 4.191294060398955e-10 7.78417043534873e-10
300.0 -0.3799999999999999 1.93365179863285e-10 3.5912208742797525e-10
300.0 -0.3599999999999999 8.920919791241006e-11 1.6568065130678023e-10
300.0 -0.33999999999999986 4.1157291465475976e-11 7.643653999038522e-11
300.0 -0.32000000000000006 1.8989396006692506e-11 3.526372225427234e-11
300.0 -0.30000000000000004 8.764019707355575e-12 1.6268422881885598e-11
300.0 -0.28 4.05037605701847e-12 7.504410126792775e-12
300.0 -0.26 1.8840327057689752e-12 3.4599557265871682e-12
300.0 -0.24 9.025662681841772e-13 1.5914835426813443e-12
300.0 -0.21999999999999997 4.887279464232464e-13 8.34639082672231e-13
300.0 -0.19999999999999996 3.822528989674148e-13 6.528032851516557e-13
300.0 -0.17999999999999994 5.161784742200893e-13 8.815185041977188e-13
300.0 -0.15999999999999992 9.747310881871482e-13 1.7258574113035602e-12
300.0 -0.1399999999999999 2.046296608500681e-12 3.750827787272012e-12
300.0 -0.11999999999999988 4.4047875651672734e-12 8.134711170647524e-12
300.0 -0.09999999999999987 9.533469868262971e-12 1.7634552169958318e-11
300.0 -0.08000000000000007 2.0657795620022686e-11 3.822484487771155e-11
300.0 -0.06000000000000005 4.4773904893881015e-11 8.285491990064704e-11
300.0 -0.040000000000000036 9.704853060278141e-11 1.795928383041353e-10
300.0 -0.020000000000000018 2.1035742675564455e-10 3.892775246264217e-10
300.0 0.0 4.5596108050947946e-10 8.43780644765071e-10
300.0 0.020000000000000018 9.88320752714561e-10 1.8289412891570952e-09
300.0 0.040000000000000036 2.1422398319112774e-09 3.9643314111641785e-09
300.0 0.06000000000000005 4.6434230046577744e-09 8.592907069931563e-09
300.0 0.08000000000000007 2.576264501551718e-05 9.217646892502215e-09
300.0 0.10000000000000009 4.340417461056912e-05 1.379528817076908e-08
300.0 0.1200000000000001 6.86707199309479e-05 1.2124160192171025e-08
300.0 0.14000000000000012 0.00010221632302486471 1.3725452326479175e-08
300.0 0.16000000000000014 0.00014408781039945565 1.2183987833862223e-08
300.0 0.18000000000000016 0.00019391473709084366 1.015996059842877e-08
300.0 0.20000000000000018 0.0002512881887005868 1.081977355562814e-08
300.0 0.2200000000000002 0.00031632130556338866 4.261347085691546e-09
300.0 0.2400000000000002 0.00038972800589313477 1.0293904972348555e-08
300.0 0.26000000000000023 0.0004720345732134225 1.2099383287126538e-08
300.0 0.28000000000000025 0.0005625418948372204 1.4242195843023972e-08
300.0 0.30000000000000027 0.0006596419363846458 1.31279261362756e-08
300.0 0.31999999999999984 0.0007625061757932226 1.2105038970189672e-08
300.0 0.33999999999999986 0.0008718026460240001 9.544190530496748e-09
300.0 0.3599999999999999 0.0009880778793719535 1.0195029022327473e-08
300.0 0.3799999999999999 0.0011094662996928304 9.114191298894871e-09
300.0 0.3999999999999999 0.0012321366805608555 1.2188547365626565e-08
300.0 0.41999999999999993 0.0013536235451563569 1.3428942864123258e-08
300.0 0.43999999999999995 0.001474942118534309 1.2379609222934115e-08
300.0 0.45999999999999996 0.0015991188815454801 1.2516159646120301e-08
300.0 0.48 0.001727921217970761 1.4044391027194794e-08
300.0 0.5 0.001861101177536164 1.4032204091459526e-08
300.0 0.52 0.0019970549340021715 1.2099940026078533e-08
300.0 0.54 0.002134094076837768 7.056663875633362e-09
300.0 0.56 0.002272007258266463 1.4673415631315875e-08
300.0 0.5800000000000001 0.0024134210749428703 1.1078250871848444e-08
300.0 0.6000000000000001 0.002563006139133437 3.729199345159362e-10
300.0 0.6200000000000001 0.002724315040385151 1.46596887955977e-08
300.0 0.6400000000000001 0.0028974200406773273 1.2730519597098317e-08
300.0 0.6600000000000001 0.0030793643684805683 1.4005174658176241e-08
300.0 0.6800000000000002 0.0032654361267358068 6.914029690788248e-09
300.0 0.7000000000000002 0.0034500226930866793 1.3591137846726746e-08
300.0 0.7200000000000002 0.0036276753397124295 1.2057898817703591e-08
300.0 0.7400000000000002 0.0037950553527189 9.440725319987547e-09
300.0 0.7600000000000002 0.00395470325600262 3.124628906309157e-10
300.0 0.7800000000000002 0.004118415898875501 1.4828603485412929e-08
300.0 0.8000000000000003 0.004302330365118553 8.134414226403097e-09
300.0 0.8199999999999998 0.004512764257717474 1.3088777343681268e-08
300.0 0.8399999999999999 0.004737826174569413 1.3130461324290361e-08
300.0 0.8599999999999999 0.004956418818015462 1.25304993048303e-08
300.0 0.8799999999999999 0.00515397649953461 1.4064295341190136e-08
300.0 0.8999999999999999 0.0053303410056498406 8.604867144344774e-09
300.0 0.9199999999999999 0.0055004321091903655 1.30585687835999e-09
300.0 0.94 0.005689534222144647 1.2972024167508256e-08
300.0 0.96 0.00591773891161305 1.3113652559974898e-08
300.0 0.98 0.006182292084879455 2.326986735246006e-09
300.0 1.0 0.006460676340205174 1.1115172296460862e-08
300.0 1.02 0.006733860103514528 1.1291465580883252e-08
300.0 1.04 0.007000621943805727 4.234078981521505e-09
300.0 1.06 0.007266880632318193 8.104769369521314e-09
300.0 1.08 0.007528523109900189 5.71168522721377e-09
300.0 1.1 0.007775635533985448 1.7322548942141913e-09
300.0 1.12 0.008017617378361562 1.0890956893272463e-08
300.0 1.1400000000000001 0.008292922943070727 1.2156471329635992e-08
300.0 1.1600000000000001 0.008634835942599055 1.2966374860964858e-08
300.0 1.1800000000000002 0.00902506107223227 5.73188766415933e-09
300.0 1.2000000000000002 0.009399721739147455 1.2932852339400669e-08
300.0 1.2200000000000002 0.009709442287406726 1.0912080057254303e-08
300.0 1.2400000000000002 0.009960443804103002 2.179984975522742e-09
300.0 1.2600000000000002 0.01019406444340754 6.153229882219224e-09
300.0 1.2800000000000002 0.010445370363914533 1.3096598265233709e-08
300.0 1.3000000000000003 0.010730916606785742 1.2683635409918437e-08
300.0 1.3200000000000003 0.011062605204112598 5.249761705211631e-09
300.0 1.3399999999999999 0.011455296441820166 6.893605825064597e-09
300.0 1.3599999999999999 0.01191015448518471 4.0499454172227e-09
300.0 1.38 0.012390642141122002 1.3420833857441528e-08
300.0 1.4 0.012831395718437062 1.2845388798491565e-08
300.0 1.42 0.0131839605005172 1.4336205945589146e-08
300.0 1.44 0.013448015865775832 1.4661374965232403e-08
300.0 1.46 0.013656682637736218 7.2911698779237755e-09
300.0 1.48 0.013847353542734859 1.4877589745283259e-08
300.0 1.5 0.014051796030658266 1.4747010859988263e-08
300.0 1.52 0.014301961059186888 1.2038001983376369e-08
300.0 1.54 0.014631673714012305 1.4591346338468095e-08
300.0 1.56 0.015059916229467734 1.3152471255471566e-08
300.0 1.58 0.015565855013873774 5.315736271299665e-09
300.0 1.6 0.01608763013905664 1.4280899848998229e-08
300.0 1.62 0.01654815498754523 1.3411178063984922e-08
300.0 1.6400000000000001 0.016880847736711974 1.4260136381597012e-08
300.0 1.6600000000000001 0.01705125772694045 1.3413778844617585e-08
300.0 1.6800000000000002 0.017078085495808488 9.839562744445862e-09
300.0 1.7000000000000002 0.0170287017676026 1.4758582456917827e-08
300.0 1.7200000000000002 0.01698794783279913 1.4509341641449535e-08
300.0 1.7400000000000002 0.017033021132197738 1.1506489658663157e-08
300.0 1.7600000000000002 0.017219832135246277 1.359989936520436e-08
300.0 1.7800000000000002 0.017569156107511977 6.046535643705608e-09
300.0 1.8000000000000003 0.01805709508642027 9.25707819426913e-10
300.0 1.8200000000000003 0.01860827093069527 4.94784378052282e-09
300.0 1.8399999999999999 0.019101920274168745 1.2553257253216697e-08
300.0 1.8599999999999999 0.019420864603928698 1.4250816443388496e-08
300.0 1.88 0.01951618261962915 1.4382938532656014e-08
300.0 1.9 0.019419837260632948 4.173570666149429e-09
300.0 1.92 0.019208587102990397 6.878565158435768e-09
300.0 1.94 0.018970140017006455 1.294004158026625e-08
300.0 1.96 0.0187764454193194 1.383529127008287e-08
300.0 1.98 0.018665449112470672 5.994102728057449e-09
